   21.346161
   21.295715
   21.245270
   21.164429
   21.012573
   20.860748
   20.709015
   20.557281
   20.429230
   20.324921
   20.220612
   20.116333
   20.012054
   19.907806
   19.813385
   19.728943
   19.644501
   19.560028
   19.475586
   19.391174
   19.306793
   19.232910
   19.183716
   19.134491
   19.085266
   19.036072
   18.986847
   18.937653
   18.878601
   18.810913
   18.751495
   18.684662
   18.610352
   18.528687
   18.438629
   18.319214
   18.190643
   18.052856
   17.912537
   17.801514
   17.683929
   17.559814
   17.410095
   17.248810
   17.087585
   16.930115
   16.798767
   16.667450
   16.536133
   16.409851
   16.294098
   16.178284
   16.062469
   15.950256
   15.862946
   15.775635
   15.688324
   15.601044
   15.482666
   15.345703
   15.208740
   15.140259
