  0.3252000    
  0.3434000    
  0.3592764    
  0.4515084    
  0.4880053    
  0.5039186    
  0.5183969    
  0.5316822    
  0.5434831    
  0.5538532    
  0.5628231    
  0.5703586    
  0.5769033    
  0.5826029    
  0.5876585    
  0.5923943    
  0.5968661    
  0.6011466    
  0.6054003    
  0.6096535    
  0.6135375    
  0.6172618    
  0.6210693    
  0.6240512    
  0.6231355    
  0.6231927    
  0.6236069    
  0.6240107    
  0.6256299    
  0.6273737    
  0.6289063    
  0.6298995    
  0.6299506    
  0.6299548    
  0.6298580    
  0.6279778    
  0.6242328    
  0.6245807    
  0.6638457    
  0.7040399    
  0.7451824    
  0.7826070    
  0.8141165    
  0.8449221    
  0.8728748    
  0.9562439    
   1.034912    
   1.109589    
   1.192890    
   1.295295    
   1.395927    
   1.497094    
   1.572762    
   1.600209    
   1.633140    
   1.670929    
   1.712960    
   1.668418    
   1.623343    
   1.576753    
   1.527763    
   1.472391    
