  5.7900000E-02
  5.7999998E-02
  5.8879618E-02
  7.4415095E-02
  8.0937929E-02
  8.4002391E-02
  8.7362692E-02
  9.1006920E-02
  9.4518811E-02
  9.7871602E-02
  0.1009159    
  0.1038183    
  0.1049185    
  0.1057390    
  0.1065143    
  0.1071867    
  0.1078650    
  0.1084635    
  0.1083827    
  0.1073125    
  0.1061302    
  0.1049375    
  0.1037754    
  0.1023911    
  0.1004321    
  9.8519430E-02
  9.6887507E-02
  9.5551014E-02
  9.4288379E-02
  9.2722453E-02
  9.0695567E-02
  8.8364139E-02
  8.5427977E-02
  7.3169403E-02
  4.9562957E-02
  2.3097267E-02
 -6.3053812E-03
 -3.8547367E-02
 -7.4507475E-02
 -0.1128291    
 -0.1534904    
 -0.1936582    
 -0.2322810    
 -0.2718992    
 -0.3099378    
 -0.3559291    
 -0.3997566    
 -0.4416233    
 -0.4906918    
 -0.5545382    
 -0.6169630    
 -0.6791489    
 -0.7598984    
 -0.8745500    
 -0.9917645    
  -1.111939    
  -1.235651    
  -1.304700    
  -1.374753    
  -1.444783    
  -1.513913    
  -1.516991    
