0.997266305
0.997390906
0.997392999
0.997443069
0.997545684
0.997690643
0.997879871
0.998105324
0.998352505
0.998609609
0.998837025
0.99902714
0.99918865
0.999328405
0.999448361
0.999554868
0.999650909
0.999736995
0.999814372
0.999882298
0.999938476
0.9999798
1.000005002
1.00001719
1.000019444
1.000014182
1.000006333
1.000002005
1.000006153
1.000021131
1.000046472
1.00008417
1.000134745
1.000195719
1.000263614
1.000335242
1.00040985
1.000485348
1.00055813
1.000623116
1.000677532
1.000720043
1.000749963
1.000765936
1.000766451
1.000751423
1.000722988
1.000686321
1.000647311
1.00060963
1.000577174
1.000556481
1.000553722
1.000569641
1.000607939
1.000663786
1.000734473
1.000816763
1.000893747
1.00096105
1.001017915
1.00120331
