0.999979463
0.999366906
1.000559633
0.996049682
0.993561097
0.991352941
0.989467391
0.990199284
0.99077686
0.991833918
0.993993039
0.99578341
0.994464
0.995172727
0.994511287
0.995026966
0.994069274
0.9936396
0.99383278
0.993622933
0.992939627
0.993377462
0.993763617
0.994745928
0.996126362
0.999233809
1.004331492
1.01021286
1.018612903
1.029080357
1.040788354
1.054688764
1.068431306
1.080941309
1.093279412
1.104017007
1.114030647
1.121368481
1.125
1.123019824
1.119342275
1.109424823
1.095993584
1.080233333
1.062647866
1.044234173
1.026740627
1.010652661
0.997615344
0.988679519
0.98271621
0.979493753
0.979665018
0.982200089
0.986693958
0.992437338
0.998948401
1.006131317
1.012443132
1.018313109
1.022628866
0.999891344
