   20.56088    
   20.52377    
   20.44958    
   20.37256    
   20.26709    
   20.17404    
   20.09396    
   20.02448    
   19.98227    
   19.96289    
   19.93475    
   19.89563    
   19.84808    
   19.79413    
   19.74234    
   19.69559    
   19.64575    
   19.59299    
   19.53766    
   19.47955    
   19.41800    
   19.36209    
   19.32446    
   19.28403    
   19.23969    
   19.19315    
   19.14685    
   19.10059    
   19.04880    
   18.99017    
   18.93057    
   18.86658    
   18.79733    
   18.72311    
   18.64090    
   18.53375    
   18.41745    
   18.29138    
   18.16150    
   18.05734    
   17.94409    
   17.81836    
   17.67294    
   17.51846    
   17.35849    
   17.20001    
   17.07968    
   16.95697    
   16.83359    
   16.70560    
   16.56912    
   16.43506    
   16.30719    
   16.18472    
   16.07272    
   15.96478    
   15.86112    
   15.76178    
   15.64688    
   15.52316    
   15.39542    
   15.37677    
