  0.5526000    
  0.6181000    
  0.5894270    
  0.6595426    
  0.6780781    
  0.6951439    
  0.7123995    
  0.7309461    
  0.7478544    
  0.7627952    
  0.7756930    
  0.7864863    
  0.7950009    
  0.8024725    
  0.8092435    
  0.8155257    
  0.8216404    
  0.8274320    
  0.8332011    
  0.8389354    
  0.8444484    
  0.8498554    
  0.8551511    
  0.8606746    
  0.8615626    
  0.8589960    
  0.8608674    
  0.8688812    
  0.8783926    
  0.8900132    
  0.9034952    
  0.9185559    
  0.9346226    
  0.9490004    
  0.9606521    
  0.9714226    
  0.9807292    
  0.9884753    
  0.9980804    
   1.004636    
   1.008077    
   1.036860    
   1.100728    
   1.163190    
   1.221356    
   1.332093    
   1.438978    
   1.544058    
   1.627603    
   1.672824    
   1.722464    
   1.776708    
   1.819254    
   1.835122    
   1.854510    
   1.876249    
   1.899434    
   1.861926    
   1.822690    
   1.780995    
   1.736710    
   1.673330    
