   20.57553    
   20.53949    
   20.46738    
   20.39145    
   20.28799    
   20.19452    
   20.11160    
   20.03763    
   19.99268    
   19.97501    
   19.94739    
   19.91095    
   19.86694    
   19.81808    
   19.76794    
   19.71735    
   19.66422    
   19.61069    
   19.55612    
   19.49930    
   19.44144    
   19.38846    
   19.35175    
   19.31168    
   19.26886    
   19.22397    
   19.17795    
   19.13229    
   19.07840    
   19.01779    
   18.95758    
   18.89084    
   18.81741    
   18.73642    
   18.64798    
   18.54935    
   18.44156    
   18.32516    
   18.20245    
   18.09888    
   17.98630    
   17.86572    
   17.72009    
   17.56427    
   17.40546    
   17.24881    
   17.11606    
   16.98294    
   16.85068    
   16.71786    
   16.58292    
   16.45163    
   16.32373    
   16.19922    
   16.08545    
   15.97421    
   15.86469    
   15.75635    
   15.65271    
   15.55002    
   15.44427    
   15.36804    
