  0.4102000    
  0.4784000    
  0.4410904    
  0.4981797    
  0.5213893    
  0.5432662    
  0.5618410    
  0.5760076    
  0.5887325    
  0.5999259    
  0.6097361    
  0.6182301    
  0.6295128    
  0.6403889    
  0.6508819    
  0.6610801    
  0.6711383    
  0.6806789    
  0.6892902    
  0.6965613    
  0.7030044    
  0.7088497    
  0.7141219    
  0.7184119    
  0.7166069    
  0.7150125    
  0.7154019    
  0.7190825    
  0.7227517    
  0.7271730    
  0.7324507    
  0.7383447    
  0.7452430    
  0.7607695    
  0.7867944    
  0.8162234    
  0.8496870    
  0.8848531    
  0.9070496    
  0.9313219    
  0.9570026    
  0.9838853    
   1.011113    
   1.037108    
   1.060412    
   1.094167    
   1.125433    
   1.154519    
   1.176276    
   1.186835    
   1.198537    
   1.211714    
   1.222620    
   1.227674    
   1.234663    
   1.242963    
   1.252247    
   1.257969    
   1.263248    
   1.268065    
   1.272114    
   1.223199    
