   20.78812    
   20.75009    
   20.67401    
   20.59067    
   20.47318    
   20.36652    
   20.27197    
   20.18774    
   20.13696    
   20.11469    
   20.08484    
   20.04358    
   19.99469    
   19.94147    
   19.88797    
   19.83609    
   19.78284    
   19.72726    
   19.66849    
   19.60803    
   19.54340    
   19.48584    
   19.44559    
   19.40213    
   19.35434    
   19.30533    
   19.25540    
   19.20499    
   19.14758    
   19.08273    
   19.02350    
   18.95810    
   18.88739    
   18.80972    
   18.72559    
   18.62540    
   18.51593    
   18.39774    
   18.27283    
   18.15454    
   18.02536    
   17.88654    
   17.73474    
   17.57800    
   17.41962    
   17.26221    
   17.13074    
   16.99945    
   16.86862    
   16.72891    
   16.56879    
   16.41168    
   16.25610    
   16.11002    
   16.00931    
   15.90811    
   15.80585    
   15.70209    
   15.59875    
   15.49423    
   15.38892    
   15.25815    
