   20.69189    
   20.65872    
   20.59238    
   20.51599    
   20.39511    
   20.28885    
   20.19669    
   20.11786    
   20.06894    
   20.04831    
   20.01871    
   19.97760    
   19.92731    
   19.86859    
   19.81412    
   19.76392    
   19.71033    
   19.65469    
   19.59521    
   19.53284    
   19.46811    
   19.40820    
   19.36829    
   19.32288    
   19.27502    
   19.22385    
   19.17242    
   19.12024    
   19.06094    
   18.99527    
   18.94135    
   18.88242    
   18.81952    
   18.75244    
   18.67874    
   18.56879    
   18.45010    
   18.32211    
   18.18845    
   18.07086    
   17.94363    
   17.80518    
   17.66745    
   17.53467    
   17.39926    
   17.26129    
   17.10892    
   16.95718    
   16.80698    
   16.66049    
   16.51971    
   16.38086    
   16.24310    
   16.10989    
   16.00531    
   15.89975    
   15.79343    
   15.68701    
   15.58487    
   15.48642    
   15.38687    
   15.26053    
