  0.4583000    
  0.4893000    
  0.4841959    
  0.5758178    
  0.5927258    
  0.6074328    
  0.6207008    
  0.6329805    
  0.6438414    
  0.6532813    
  0.6611896    
  0.6675299    
  0.6724997    
  0.6767015    
  0.6802049    
  0.6831713    
  0.6858262    
  0.6880681    
  0.6902014    
  0.6925997    
  0.6949932    
  0.6973401    
  0.6998822    
  0.7028377    
  0.7064860    
  0.7014979    
  0.6968223    
  0.6957918    
  0.6962134    
  0.6963146    
  0.6959814    
  0.6949465    
  0.6926854    
  0.6871676    
  0.6779820    
  0.6660019    
  0.6509158    
  0.6359859    
  0.6407274    
  0.6440024    
  0.6460063    
  0.6495520    
  0.6555371    
  0.6603678    
  0.6635196    
  0.7153049    
  0.7645854    
  0.8119119    
  0.8656515    
  0.9331625    
  0.9995286    
   1.065776    
   1.140815    
   1.231948    
   1.323909    
   1.417030    
   1.511486    
   1.560937    
   1.611425    
   1.662638    
   1.714255    
   1.716838    
