   21.252563
   21.167358
   21.082153
   20.980347
   20.839722
   20.699158
   20.558624
   20.418121
   20.298737
   20.200409
   20.102142
   20.003815
   19.905579
   19.807343
   19.723145
   19.653076
   19.582977
   19.512878
   19.442780
   19.372772
   19.302673
   19.238831
   19.189362
   19.139954
   19.090515
   19.041077
   18.991638
   18.942200
   18.882874
   18.814148
   18.742310
   18.661530
   18.571747
   18.472961
   18.365906
   18.266571
   18.159546
   18.044922
   17.921997
   17.787537
   17.645203
   17.494965
   17.350616
   17.214539
   17.078430
   16.946533
   16.844238
   16.741913
   16.639587
   16.541107
   16.450714
   16.360321
   16.269897
   16.174469
   16.043945
   15.913452
   15.782928
   15.652435
   15.514954
   15.373291
   15.231628
   15.160797
