  0.4822000    
  0.4842000    
  0.4392079    
  0.5117705    
  0.5216905    
  0.5312875    
  0.5382563    
  0.5414724    
  0.5433633    
  0.5437275    
  0.5422266    
  0.5386614    
  0.5393789    
  0.5387276    
  0.5366906    
  0.5334963    
  0.5294190    
  0.5245408    
  0.5167118    
  0.5049950    
  0.4931676    
  0.4814419    
  0.4699767    
  0.4592786    
  0.4474899    
  0.4335590    
  0.4173843    
  0.3967711    
  0.3771898    
  0.3531093    
  0.3238491    
  0.2887480    
  0.2466788    
  0.1963338    
  0.1367916    
  6.9022752E-02
 -6.8923593E-03
 -9.3612954E-02
 -0.2090048    
 -0.3307519    
 -0.4569847    
 -0.5778095    
 -0.6890236    
 -0.8009471    
 -0.9077150    
  -1.067680    
  -1.222834    
  -1.375815    
  -1.487931    
  -1.526570    
  -1.571645    
  -1.622604    
  -1.653508    
  -1.640111    
  -1.628213    
  -1.615320    
  -1.600484    
  -1.613023    
  -1.623273    
  -1.631431    
  -1.637485    
  -1.572876    
