   20.55276    
   20.52521    
   20.47009    
   20.40219    
   20.28983    
   20.18936    
   20.10364    
   20.02866    
   19.98080    
   19.95929    
   19.93063    
   19.89252    
   19.84695    
   19.79663    
   19.74792    
   19.70428    
   19.65610    
   19.60526    
   19.55096    
   19.49194    
   19.42944    
   19.37253    
   19.33582    
   19.29559    
   19.25089    
   19.20410    
   19.15793    
   19.11258    
   19.06299    
   19.00992    
   18.94714    
   18.87927    
   18.80823    
   18.73050    
   18.64523    
   18.54013    
   18.42450    
   18.29745    
   18.16531    
   18.06482    
   17.95435    
   17.83261    
   17.69397    
   17.54694    
   17.39828    
   17.24890    
   17.09567    
   16.94434    
   16.79352    
   16.64883    
   16.51495    
   16.38306    
   16.25116    
   16.12329    
   16.02335    
   15.92279    
   15.82397    
   15.72617    
   15.60956    
   15.48190    
   15.35300    
   15.26730    
