   20.50620    
   20.47913    
   20.42499    
   20.35699    
   20.23935    
   20.13492    
   20.04553    
   19.96848    
   19.92172    
   19.90176    
   19.87369    
   19.83301    
   19.78433    
   19.72849    
   19.67508    
   19.62686    
   19.57419    
   19.51822    
   19.45947    
   19.39801    
   19.33447    
   19.27615    
   19.23563    
   19.19229    
   19.14523    
   19.09741    
   19.04788    
   18.99991    
   18.94388    
   18.87997    
   18.82220    
   18.75864    
   18.68796    
   18.61063    
   18.52640    
   18.44174    
   18.34879    
   18.24927    
   18.14059    
   18.02136    
   17.89221    
   17.75464    
   17.61227    
   17.47089    
   17.32611    
   17.18088    
   17.04214    
   16.90128    
   16.75864    
   16.62152    
   16.49829    
   16.37628    
   16.25473    
   16.13736    
   16.03305    
   15.93158    
   15.83328    
   15.73785    
   15.62946    
   15.51215    
   15.39249    
   15.32040    
