  0.4310000    
  0.4623000    
  0.4564472    
  0.5440102    
  0.5614368    
  0.5771170    
  0.5912483    
  0.6040584    
  0.6154117    
  0.6254549    
  0.6338979    
  0.6406360    
  0.6471395    
  0.6528664    
  0.6576961    
  0.6619462    
  0.6656294    
  0.6690903    
  0.6722724    
  0.6753559    
  0.6786873    
  0.6823558    
  0.6866699    
  0.6917595    
  0.6980584    
  0.6965345    
  0.6941627    
  0.6954895    
  0.6980215    
  0.7001715    
  0.7014585    
  0.7015026    
  0.6994344    
  0.7017853    
  0.7098297    
  0.7162027    
  0.7207932    
  0.7278044    
  0.7631975    
  0.7987869    
  0.8345856    
  0.8752393    
  0.9220765    
  0.9695076    
   1.014515    
   1.078795    
   1.140056    
   1.198927    
   1.280111    
   1.403794    
   1.525535    
   1.647513    
   1.740625    
   1.779989    
   1.824383    
   1.873719    
   1.927524    
   1.886180    
   1.844187    
   1.800334    
   1.753707    
   1.702544    
