  0.1037000    
  0.1041000    
  9.7190626E-02
  0.1118464    
  0.1113177    
  0.1102186    
  0.1102148    
  0.1125816    
  0.1145838    
  0.1163706    
  0.1177901    
  0.1190021    
  0.1148406    
  0.1105900    
  0.1059781    
  0.1013143    
  9.6440896E-02
  9.1579393E-02
  8.7030008E-02
  8.3205253E-02
  7.9343647E-02
  7.5446665E-02
  7.1624316E-02
  6.7786716E-02
  6.4044781E-02
  5.9506454E-02
  5.2406713E-02
  4.1395765E-02
  3.0187497E-02
  1.6407002E-02
 -3.1826610E-04
 -1.9929050E-02
 -4.2519137E-02
 -6.4674556E-02
 -8.5327387E-02
 -0.1080911    
 -0.1327059    
 -0.1624940    
 -0.2170959    
 -0.2744836    
 -0.3345581    
 -0.3851008    
 -0.4217180    
 -0.4591127    
 -0.4950448    
 -0.5335826    
 -0.5704530    
 -0.6058532    
 -0.6532757    
 -0.7234999    
 -0.7925574    
 -0.8615079    
 -0.9325272    
  -1.006856    
  -1.083988    
  -1.164050    
  -1.247221    
  -1.298676    
  -1.350650    
  -1.402257    
  -1.452617    
  -1.454152    
