   20.50027    
   20.46704    
   20.40054    
   20.32529    
   20.21292    
   20.11349    
   20.02893    
   19.95499    
   19.90948    
   19.88998    
   19.86069    
   19.82001    
   19.77142    
   19.71509    
   19.66263    
   19.61398    
   19.56229    
   19.50775    
   19.45197    
   19.39294    
   19.33115    
   19.27576    
   19.23608    
   19.19382    
   19.14783    
   19.10080    
   19.05173    
   19.00375    
   18.94720    
   18.88348    
   18.82956    
   18.77066    
   18.70691    
   18.63702    
   18.56091    
   18.46725    
   18.36633    
   18.25876    
   18.14493    
   18.02997    
   17.90491    
   17.77054    
   17.62381    
   17.47083    
   17.31372    
   17.15817    
   17.05029    
   16.93933    
   16.82535    
   16.70514    
   16.57449    
   16.44806    
   16.32791    
   16.21356    
   16.09515    
   15.98309    
   15.87610    
   15.77280    
   15.66946    
   15.56265    
   15.45300    
   15.42606    
