  0.5548000    
  0.5938000    
  0.5634116    
  0.6527348    
  0.6728786    
  0.6919345    
  0.7089765    
  0.7235971    
  0.7367362    
  0.7480645    
  0.7576053    
  0.7651858    
  0.7737236    
  0.7812567    
  0.7881413    
  0.7945617    
  0.8006363    
  0.8063868    
  0.8122661    
  0.8183889    
  0.8245862    
  0.8305378    
  0.8365669    
  0.8428991    
  0.8501483    
  0.8459145    
  0.8462395    
  0.8530247    
  0.8614935    
  0.8716982    
  0.8829476    
  0.8951949    
  0.9072495    
  0.9192668    
  0.9305644    
  0.9402892    
  0.9480089    
  0.9546341    
  0.9685631    
  0.9800837    
  0.9891471    
   1.020930    
   1.083947    
   1.146030    
   1.203910    
   1.308788    
   1.409538    
   1.508201    
   1.583523    
   1.618497    
   1.658154    
   1.702969    
   1.730054    
   1.718712    
   1.711117    
   1.705429    
   1.700544    
   1.661848    
   1.621149    
   1.577939    
   1.532299    
   1.468737    
