   21.297699
   21.233795
   21.169891
   21.083191
   20.943329
   20.803436
   20.663635
   20.523804
   20.405121
   20.307526
   20.209991
   20.112366
   20.014893
   19.917328
   19.828705
   19.748962
   19.669189
   19.589478
   19.509735
   19.429993
   19.350342
   19.279694
   19.230255
   19.180817
   19.131348
   19.081909
   19.032471
   18.983032
   18.923706
   18.855713
   18.796112
   18.729065
   18.654572
   18.572601
   18.482727
   18.373657
   18.256195
   18.130341
   17.997284
   17.862823
   17.720459
   17.570160
   17.410614
   17.250214
   17.089813
   16.937012
   16.837280
   16.737549
   16.637848
   16.532166
   16.414185
   16.296204
   16.178223
   16.058624
   15.927765
   15.796906
   15.666016
   15.535156
   15.405853
   15.277466
   15.149109
   15.084930
