  0.3060000    
  0.3069000    
  0.2765619    
  0.3113947    
  0.3117805    
  0.3112095    
  0.3126376    
  0.3180085    
  0.3227051    
  0.3266418    
  0.3296075    
  0.3318272    
  0.3282075    
  0.3242542    
  0.3198484    
  0.3152316    
  0.3102973    
  0.3052531    
  0.2990580    
  0.2910025    
  0.2830093    
  0.2747346    
  0.2665134    
  0.2582710    
  0.2502364    
  0.2387678    
  0.2265207    
  0.2122944    
  0.1983184    
  0.1810474    
  0.1601831    
  0.1355453    
  0.1065956    
  7.2916038E-02
  3.4067970E-02
 -9.2721870E-03
 -5.7069644E-02
 -0.1135473    
 -0.2040630    
 -0.2996866    
 -0.3995475    
 -0.4842845    
 -0.5465962    
 -0.6091844    
 -0.6685662    
 -0.7662985    
 -0.8604743    
 -0.9521907    
  -1.038587    
  -1.117392    
  -1.198479    
  -1.282859    
  -1.347916    
  -1.373771    
  -1.402745    
  -1.433789    
  -1.465924    
  -1.481908    
  -1.496914    
  -1.510226    
  -1.521737    
  -1.486336    
