   20.46616    
   20.42630    
   20.34659    
   20.26038    
   20.14233    
   20.03677    
   19.94656    
   19.86743    
   19.81909    
   19.79807    
   19.76855    
   19.72684    
   19.67737    
   19.62045    
   19.56747    
   19.52020    
   19.46851    
   19.41434    
   19.35583    
   19.29352    
   19.22766    
   19.16824    
   19.13400    
   19.09402    
   19.05048    
   19.00586    
   18.96002    
   18.91696    
   18.86865    
   18.81674    
   18.75195    
   18.68240    
   18.60748    
   18.52567    
   18.43570    
   18.35547    
   18.26675    
   18.16913    
   18.06485    
   17.96573    
   17.85922    
   17.74429    
   17.60394    
   17.45163    
   17.29700    
   17.14355    
   17.01364    
   16.87900    
   16.74216    
   16.61447    
   16.51404    
   16.41275    
   16.31418    
   16.21695    
   16.10321    
   15.99670    
   15.89633    
   15.80032    
   15.69162    
   15.57254    
   15.45215    
   15.44974    
