  0.3593000    
  0.3880000    
  0.3944411    
  0.4827462    
  0.5048205    
  0.5200554    
  0.5339028    
  0.5467057    
  0.5580043    
  0.5679909    
  0.5764802    
  0.5836164    
  0.5920188    
  0.5996406    
  0.6066743    
  0.6134210    
  0.6199161    
  0.6261453    
  0.6317466    
  0.6365744    
  0.6412318    
  0.6458443    
  0.6505109    
  0.6541810    
  0.6543017    
  0.6553898    
  0.6578509    
  0.6618409    
  0.6669166    
  0.6723509    
  0.6779663    
  0.6834612    
  0.6883861    
  0.6946367    
  0.7023711    
  0.7091311    
  0.7147503    
  0.7234315    
  0.7605421    
  0.7979670    
  0.8356330    
  0.8855018    
  0.9515868    
   1.017666    
   1.079905    
   1.152786    
   1.221794    
   1.287570    
   1.375569    
   1.506422    
   1.636363    
   1.768323    
   1.843666    
   1.810578    
   1.783340    
   1.760660    
   1.741048    
   1.679442    
   1.615946    
   1.549527    
   1.480132    
   1.426837    
