0.99720586
0.997327059
0.997322153
0.997370339
0.997475985
0.997629252
0.997831621
0.998073266
0.998338558
0.998614854
0.998855475
0.999052102
0.999213707
0.999349387
0.999461903
0.999558094
0.999642273
0.999716251
0.999782686
0.999842138
0.999893068
0.999934227
0.999964415
0.999985457
0.99999959
1.000008321
1.000015046
1.000023681
1.000037587
1.000058414
1.000086381
1.000122093
1.000166419
1.000217066
1.00027245
1.00033167
1.000394413
1.000458703
1.000522131
1.000581113
1.000634407
1.000680126
1.00071511
1.000738031
1.000748677
1.000746713
1.000733743
1.000712323
1.000686693
1.000661318
1.000639099
1.000625169
1.000624435
1.000638683
1.00067138
1.000719627
1.000781115
1.000853351
1.000921346
1.000981364
1.001032233
1.001134495
