0.999271605
0.999680087
0.999385481
0.995121007
0.990888145
0.987485336
0.985677298
0.985888268
0.985536044
0.988225184
0.989409506
0.991615105
0.991710145
0.992792419
0.991214029
0.989055556
0.984761607
0.980310775
0.973620782
0.965331267
0.959009717
0.952852863
0.948026362
0.94439386
0.942105862
0.943862589
0.948052111
0.954931756
0.965895853
0.97926754
0.995094196
1.013528613
1.033012884
1.052046418
1.070287755
1.088159794
1.100501554
1.11088601
1.1145611
1.113211462
1.108946919
1.099421242
1.085041596
1.069223904
1.0516236
1.033670816
1.018137267
1.003790226
0.993626899
0.988072559
0.985658201
0.987700411
0.992337374
0.999077547
1.007134283
1.015130168
1.022269841
1.028527124
1.033380879
1.037055158
1.039922959
0.99991178










