   21.365814
   21.291534
   21.217285
   21.124512
   20.988617
   20.852692
   20.716919
   20.581055
   20.465607
   20.370605
   20.275543
   20.180542
   20.085571
   19.990570
   19.904083
   19.825989
   19.747955
   19.669891
   19.591858
   19.513794
   19.435822
   19.367798
   19.323212
   19.278595
   19.234009
   19.189392
   19.144806
   19.100189
   19.046692
   18.984497
   18.917389
   18.841919
   18.758057
   18.665802
   18.564423
   18.436218
   18.298157
   18.150208
   17.999023
   17.876373
   17.746521
   17.609436
   17.455444
   17.295593
   17.135712
   16.981812
   16.869934
   16.757996
   16.646057
   16.529114
   16.401794
   16.274475
   16.147156
   16.020264
   15.896606
   15.772949
   15.649261
   15.525604
   15.389343
   15.245544
   15.101715
   15.029816
