  0.3082000    
  0.3175000    
  0.2879256    
  0.3231309    
  0.3332463    
  0.3426806    
  0.3489636    
  0.3508115    
  0.3516272    
  0.3512355    
  0.3496443    
  0.3470200    
  0.3459543    
  0.3443419    
  0.3424524    
  0.3402242    
  0.3379079    
  0.3353810    
  0.3323470    
  0.3287022    
  0.3247878    
  0.3208688    
  0.3168440    
  0.3127737    
  0.3071389    
  0.3002190    
  0.2899341    
  0.2743676    
  0.2589322    
  0.2400267    
  0.2174676    
  0.1908783    
  0.1599160    
  0.1301215    
  0.1028762    
  7.2141357E-02
  3.8114704E-02
 -4.9339663E-03
 -8.7596290E-02
 -0.1756231    
 -0.2680745    
 -0.3659311    
 -0.4687007    
 -0.5727869    
 -0.6724260    
 -0.7617182    
 -0.8478648    
 -0.9322555    
  -1.002723    
  -1.049309    
  -1.098293    
  -1.150153    
  -1.198762    
  -1.238476    
  -1.280681    
  -1.324838    
  -1.370437    
  -1.398984    
  -1.426906    
  -1.453707    
  -1.478984    
  -1.455939    
