   21.306335
   21.256195
   21.206055
   21.127777
   20.983734
   20.839813
   20.695862
   20.551910
   20.429871
   20.329742
   20.229614
   20.129456
   20.029419
   19.929291
   19.838379
   19.756561
   19.674774
   19.592987
   19.511261
   19.429474
   19.347717
   19.275665
   19.226227
   19.176788
   19.127350
   19.077881
   19.028442
   18.979004
   18.919647
   18.851318
   18.786011
   18.712524
   18.630890
   18.541107
   18.443390
   18.343506
   18.235992
   18.120758
   17.997284
   17.862823
   17.720459
   17.570160
   17.416962
   17.266693
   17.116455
   16.967499
   16.827332
   16.687164
   16.546997
   16.414154
   16.296478
   16.178802
   16.061127
   15.944946
   15.838928
   15.732941
   15.626953
   15.520966
   15.401733
   15.274597
   15.147430
   15.083862
