   20.52664    
   20.49811    
   20.44104    
   20.36844    
   20.24261    
   20.12976    
   20.03329    
   19.95026    
   19.90042    
   19.88031    
   19.85199    
   19.81107    
   19.76169    
   19.70465    
   19.64957    
   19.60040    
   19.54739    
   19.48993    
   19.43045    
   19.36694    
   19.30109    
   19.24106    
   19.20120    
   19.15607    
   19.10880    
   19.05951    
   19.00925    
   18.95947    
   18.90167    
   18.83752    
   18.78387    
   18.72678    
   18.66321    
   18.59558    
   18.52036    
   18.41595    
   18.30420    
   18.18283    
   18.05902    
   17.96292    
   17.85840    
   17.74637    
   17.60657    
   17.45392    
   17.29913    
   17.14493    
   17.01550    
   16.88290    
   16.74954    
   16.61948    
   16.49765    
   16.37518    
   16.25339    
   16.13736    
   16.04898    
   15.96323    
   15.87967    
   15.80045    
   15.69086    
   15.56219    
   15.43268    
   15.36673    
