   21.377869
   21.328033
   21.278198
   21.198029
   21.046997
   20.896057
   20.745087
   20.594177
   20.466766
   20.362854
   20.258972
   20.155090
   20.051270
   19.947418
   19.853394
   19.769012
   19.684692
   19.600403
   19.516083
   19.431793
   19.347534
   19.273682
   19.224274
   19.174835
   19.125397
   19.075928
   19.026489
   18.977020
   18.917694
   18.849762
   18.790649
   18.724121
   18.650238
   18.568939
   18.479767
   18.371399
   18.254669
   18.129608
   17.997284
   17.862823
   17.720459
   17.570160
   17.417114
   17.267181
   17.117218
   16.968292
   16.826569
   16.684845
   16.543152
   16.402954
   16.265900
   16.128815
   15.991791
   15.859924
   15.764648
   15.669342
   15.574066
   15.478760
   15.373749
   15.262878
   15.151978
   15.096558
