   20.46671    
   20.42252    
   20.33411    
   20.24390    
   20.13251    
   20.03391    
   19.95071    
   19.87817    
   19.83450    
   19.81445    
   19.78503    
   19.74286    
   19.69019    
   19.62906    
   19.57626    
   19.53278    
   19.48553    
   19.43518    
   19.38239    
   19.32758    
   19.27054    
   19.21695    
   19.17465    
   19.13138    
   19.08679    
   19.04025    
   18.99466    
   18.94904    
   18.89639    
   18.83594    
   18.77457    
   18.70746    
   18.63254    
   18.55005    
   18.46039    
   18.37915    
   18.29037    
   18.19360    
   18.08792    
   17.96982    
   17.84106    
   17.70297    
   17.56763    
   17.43613    
   17.29938    
   17.16422    
   17.05276    
   16.93869    
   16.82248    
   16.70901    
   16.60599    
   16.50531    
   16.41110    
   16.31750    
   16.19843    
   16.08563    
   15.97995    
   15.87799    
   15.76868    
   15.65134    
   15.53137    
   15.53931    
