  0.5575000    
  0.5754000    
  0.5323473    
  0.6252449    
  0.6425601    
  0.6595485    
  0.6785610    
  0.7007514    
  0.7221443    
  0.7421802    
  0.7603728    
  0.7762684    
  0.7859918    
  0.7940032    
  0.8001262    
  0.8045995    
  0.8076401    
  0.8094851    
  0.8119618    
  0.8159850    
  0.8195682    
  0.8232618    
  0.8273458    
  0.8325552    
  0.8359222    
  0.8347628    
  0.8367785    
  0.8424261    
  0.8510749    
  0.8622829    
  0.8753554    
  0.8899441    
  0.9047710    
  0.9212252    
  0.9387379    
  0.9536979    
  0.9650433    
  0.9753720    
   1.004248    
   1.029699    
   1.051785    
   1.064240    
   1.065520    
   1.065359    
   1.063935    
   1.071593    
   1.079852    
   1.090614    
   1.099766    
   1.103312    
   1.111670    
   1.124058    
   1.136719    
   1.145291    
   1.155160    
   1.164733    
   1.173157    
   1.169385    
   1.163766    
   1.156554    
   1.147833    
   1.096184    
