0.997166033
0.997266668
0.997258112
0.997300121
0.997397688
0.997541657
0.99773712
0.997974767
0.998239708
0.998519611
0.998769145
0.998979644
0.999158974
0.999313113
0.999444326
0.999559505
0.999663185
0.999756532
0.999840211
0.999914034
0.999976451
1.000024621
1.000055678
1.000071383
1.000075321
1.000071304
1.00006303
1.000055565
1.000054566
1.000062541
1.00007993
1.000107589
1.000145649
1.000193393
1.000249321
1.000311311
1.000377728
1.000446599
1.000513227
1.000573303
1.000624361
1.000664378
1.000693183
1.000711476
1.000720745
1.000724643
1.00072718
1.000731934
1.000741957
1.000757938
1.000779819
1.00080837
1.00084075
1.000875045
1.000907983
1.000937568
1.000964533
1.000987732
1.001004937
1.001017608
1.001026471
1.000765221
