1.000467249
1.000169734
1.000014815
0.997138843
0.993336554
0.991960506
0.992730949
0.99084816
0.990881818
0.99110045
0.992549777
0.992013255
0.990138686
0.988246377
0.987697406
0.98706447
0.983658606
0.983089235
0.980685915
0.977186275
0.976596932
0.976225
0.976271093
0.977028926
0.977510288
0.981338419
0.987431978
0.995256011
1.005289174
1.017551079
1.03044186
1.044072059
1.060515648
1.074268882
1.089640553
1.100238318
1.114666139
1.121896332
1.132250784
1.1365
1.139086957
1.139106259
1.138633427
1.13297973
1.124387516
1.112811456
1.100479603
1.088219487
1.074457416
1.061944544
1.050102435
1.0393083
1.031802671
1.024519669
1.019841188
1.016208485
1.0135
1.012589004
1.012316693
1.012383582
1.013399142
1.000027557
