   20.49829    
   20.47205    
   20.41956    
   20.35550    
   20.24930    
   20.15466    
   20.07312    
   20.00385    
   19.96100    
   19.94049    
   19.91333    
   19.87616    
   19.83176    
   19.78143    
   19.73364    
   19.68872    
   19.64142    
   19.58975    
   19.53613    
   19.47827    
   19.41635    
   19.36139    
   19.32623    
   19.28595    
   19.24344    
   19.19873    
   19.15356    
   19.11005    
   19.06104    
   19.00827    
   18.94659    
   18.88058    
   18.81003    
   18.73331    
   18.64774    
   18.54306    
   18.42670    
   18.29962    
   18.16833    
   18.07892    
   17.97983    
   17.87155    
   17.73645    
   17.58875    
   17.43890    
   17.28741    
   17.13977    
   16.99051    
   16.84128    
   16.70447    
   16.59125    
   16.47879    
   16.37061    
   16.26257    
   16.13254    
   16.00754    
   15.88821    
   15.77219    
   15.65408    
   15.53265    
   15.40723    
   15.41501    
