   21.554504
   21.479889
   21.405243
   21.309265
   21.163513
   21.017761
   20.872040
   20.726349
   20.606689
   20.513123
   20.419556
   20.325958
   20.232422
   20.138885
   20.050903
   19.968445
   19.886017
   19.803589
   19.721161
   19.638794
   19.556396
   19.483887
   19.434418
   19.384918
   19.335449
   19.285980
   19.236511
   19.187042
   19.127655
   19.059174
   18.992706
   18.917908
   18.834808
   18.743408
   18.643280
   18.525635
   18.398926
   18.263153
   18.121185
   17.986633
   17.844177
   17.693817
   17.533630
   17.372345
   17.211029
   17.053436
   16.922058
   16.790619
   16.659210
   16.516449
   16.350067
   16.183746
   16.017395
   15.857574
   15.743622
   15.629639
   15.515625
   15.401642
   15.290527
   15.181122
   15.071716
   15.017029
