  0.1998000    
  0.2285000    
  0.2431534    
  0.2900202    
  0.3236139    
  0.3569601    
  0.3827835    
  0.3978907    
  0.4131515    
  0.4285656    
  0.4438932    
  0.4593213    
  0.4598825    
  0.4601893    
  0.4602976    
  0.4604100    
  0.4606084    
  0.4609030    
  0.4644723    
  0.4728506    
  0.4817320    
  0.4911941    
  0.5012571    
  0.5119749    
  0.5234764    
  0.5356502    
  0.5453352    
  0.5509854    
  0.5571289    
  0.5637771    
  0.5707045    
  0.5778982    
  0.5848055    
  0.5952235    
  0.6099179    
  0.6246971    
  0.6396604    
  0.6561590    
  0.6819704    
  0.7083418    
  0.7355933    
  0.7616842    
  0.7857163    
  0.8100615    
  0.8333038    
  0.8831486    
  0.9319522    
  0.9797161    
   1.031235    
   1.090039    
   1.148589    
   1.207083    
   1.270816    
   1.343808    
   1.417192    
   1.491165    
   1.565868    
   1.623517    
   1.681886    
   1.740896    
   1.800224    
   1.796140    
