 -0.1021000    
 -0.1193000    
 -0.1292192    
 -0.1558908    
 -0.1759589    
 -0.1962984    
 -0.2073328    
 -0.2040465    
 -0.2001358    
 -0.1957572    
 -0.1908058    
 -0.1851926    
 -0.1907529    
 -0.1964343    
 -0.2019160    
 -0.2074796    
 -0.2131628    
 -0.2190197    
 -0.2226720    
 -0.2229798    
 -0.2235174    
 -0.2242108    
 -0.2249129    
 -0.2258771    
 -0.2270030    
 -0.2282703    
 -0.2306134    
 -0.2345860    
 -0.2386957    
 -0.2434254    
 -0.2486928    
 -0.2543521    
 -0.2602611    
 -0.2686667    
 -0.2797467    
 -0.2914518    
 -0.3036033    
 -0.3169158    
 -0.3344235    
 -0.3525587    
 -0.3713492    
 -0.3981128    
 -0.4351982    
 -0.4734225    
 -0.5108401    
 -0.5369050    
 -0.5623311    
 -0.5872536    
 -0.6094430    
 -0.6268909    
 -0.6443509    
 -0.6619220    
 -0.6826475    
 -0.7084482    
 -0.7346541    
 -0.7612370    
 -0.7882442    
 -0.8637745    
 -0.9394996    
  -1.015641    
  -1.092014    
  -1.109324    
