   21.332733
   21.282288
   21.231812
   21.154999
   21.016541
   20.878143
   20.739746
   20.601379
   20.483612
   20.386414
   20.289276
   20.192139
   20.095032
   19.997925
   19.909393
   19.829498
   19.749603
   19.669678
   19.589813
   19.509918
   19.430084
   19.360840
   19.316376
   19.271881
   19.227386
   19.182922
   19.138428
   19.093964
   19.040588
   18.977844
   18.899139
   18.810608
   18.712219
   18.604034
   18.486664
   18.376678
   18.258209
   18.131287
   17.998993
   17.876099
   17.745941
   17.608582
   17.467499
   17.328491
   17.189484
   17.047607
   16.885376
   16.723175
   16.560913
   16.406891
   16.269806
   16.132782
   15.995697
   15.864807
   15.777130
   15.689453
   15.601776
   15.514099
   15.391052
   15.246826
   15.102600
   15.030518
