   20.44147    
   20.40088    
   20.31970    
   20.23291    
   20.11725    
   20.01569    
   19.92813    
   19.85159    
   19.80493    
   19.78381    
   19.75494    
   19.71365    
   19.66364    
   19.60846    
   19.55551    
   19.50842    
   19.45898    
   19.40536    
   19.34872    
   19.28876    
   19.22467    
   19.16766    
   19.13232    
   19.09369    
   19.05075    
   19.00677    
   18.96133    
   18.91827    
   18.86945    
   18.81647    
   18.75125    
   18.68127    
   18.60635    
   18.52518    
   18.43768    
   18.35992    
   18.27454    
   18.18088    
   18.07779    
   17.96121    
   17.83298    
   17.69449    
   17.55682    
   17.42245    
   17.28339    
   17.14453    
   17.03455    
   16.92151    
   16.80725    
   16.69193    
   16.57306    
   16.45847    
   16.35120    
   16.24750    
   16.13776    
   16.03436    
   15.93497    
   15.84021    
   15.73550    
   15.62140    
   15.50354    
   15.49341    
