  0.4538000    
  0.4742000    
  0.4596458    
  0.5505279    
  0.5676870    
  0.5837709    
  0.5988918    
  0.6131552    
  0.6261423    
  0.6379520    
  0.6480631    
  0.6565272    
  0.6649999    
  0.6724526    
  0.6789429    
  0.6847252    
  0.6900678    
  0.6949826    
  0.7002273    
  0.7063680    
  0.7125649    
  0.7188565    
  0.7255077    
  0.7329145    
  0.7360961    
  0.7377148    
  0.7419118    
  0.7493251    
  0.7582023    
  0.7684178    
  0.7795855    
  0.7913054    
  0.8029490    
  0.8182094    
  0.8373085    
  0.8557885    
  0.8730285    
  0.8907975    
  0.9215174    
  0.9510457    
  0.9793025    
   1.016308    
   1.064943    
   1.112654    
   1.156651    
   1.244351    
   1.328308    
   1.410523    
   1.466731    
   1.477146    
   1.493134    
   1.514852    
   1.521772    
   1.494411    
   1.469870    
   1.446389    
   1.422211    
   1.398897    
   1.373487    
   1.345784    
   1.315949    
   1.257756    
