0.99737101
0.997452661
0.997439728
0.997472564
0.99755821
0.99768656
0.997863146
0.99808017
0.998324874
0.998585506
0.998820337
0.999018392
0.999188583
0.999336608
0.999464009
0.999575881
0.999675446
0.999762632
0.999838717
0.999903578
0.999955332
0.999992045
1.000012347
1.000019212
1.000016458
1.000008398
0.999999897
0.999997266
1.000006215
1.000029241
1.000065369
1.000115519
1.000178297
1.000248127
1.000319891
1.00038936
1.000454699
1.000513834
1.000562533
1.000599101
1.000626
1.000644998
1.000657501
1.000665145
1.000671112
1.000678619
1.00068891
1.000702394
1.000719369
1.000737696
1.000754202
1.000768085
1.000777759
1.00078388
1.00078777
1.000789869
1.000793574
1.000802549
1.000812352
1.000823084
1.000833934
1.000772119
