0.999358491
1.001334783
0.999341847
0.996989362
0.994761658
0.991397631
0.992124792
0.990360656
0.992296596
0.992666667
0.991366086
0.992946541
0.992609984
0.992388545
0.990847926
0.991032061
0.989981791
0.989444947
0.989451952
0.990080597
0.992150074
0.994881657
0.99859352
1.002083578
1.010080409
1.016831858
1.026758209
1.038372372
1.049776772
1.062239757
1.076811927
1.090408951
1.101821151
1.113289269
1.121173313
1.12729003
1.131087537
1.133602899
1.13193844
1.128909677
1.123464156
1.115138128
1.105364316
1.094234
1.082
1.068883218
1.055032826
1.042354959
1.029899791
1.019517869
1.010097442
1.003126074
0.999061755
0.996717224
0.996122309
0.99790714
1.001198483
1.005744671
1.010244808
1.014424429
1.01765168
0.99992301
