0.997331541
0.997457956
0.997443094
0.997476957
0.997565332
0.997698375
0.997879241
0.99810121
0.998350362
0.998615303
0.998850588
0.999047066
0.999213889
0.99935981
0.999486133
0.999598406
0.999699293
0.999789366
0.999869158
0.999937622
0.999992031
1.00002964
1.00004901
1.000053688
1.000047062
1.000033459
1.00001826
1.000007786
1.000008376
1.00002215
1.000048824
1.00009004
1.00014519
1.000209788
1.00028021
1.000353197
1.000427518
1.00050098
1.0005696
1.00062975
1.000680836
1.000720798
1.000746408
1.000755821
1.000749049
1.000725759
1.000688125
1.000639938
1.000587504
1.000538255
1.000497477
1.000471431
1.000467215
1.00048572
1.000531781
1.000599849
1.000685275
1.000783373
1.000874827
1.000954602
1.001021435
1.001225877
