0.999944649
0.999697674
1.000085106
0.995238784
0.991182979
0.989255587
0.987513774
0.989309264
0.988997305
0.991260695
0.991827815
0.994052632
0.995113725
0.9958
0.995543928
0.995528278
0.993530691
0.992377863
0.991801014
0.990246212
0.990825157
0.989170213
0.990742821
0.99283209
0.996610487
1.002855164
1.009772843
1.020035806
1.032030928
1.04609883
1.060788714
1.076401325
1.092339572
1.106894102
1.120390667
1.128730871
1.138010417
1.141457325
1.140872263
1.136493656
1.130139282
1.116902439
1.101823251
1.086448944
1.06721875
1.048035819
1.029420223
1.011829762
0.996834068
0.987274304
0.98123208
0.979022978
0.980650187
0.985713679
0.992756202
1.000831645
1.009077561
1.017080908
1.023216459
1.028477559
1.032468129
0.999986667
