   21.284058
   21.234253
   21.184448
   21.109436
   20.975433
   20.841492
   20.707581
   20.573700
   20.459351
   20.364594
   20.269867
   20.175110
   20.080414
   19.985687
   19.899109
   19.820740
   19.742401
   19.664032
   19.585663
   19.507355
   19.429016
   19.362000
   19.321350
   19.280731
   19.240082
   19.199463
   19.158813
   19.118195
   19.069397
   19.012115
   18.940552
   18.860046
   18.770630
   18.672241
   18.564423
   18.436218
   18.298157
   18.150208
   18.000305
   17.886322
   17.765625
   17.638275
   17.495636
   17.347870
   17.200134
   17.051880
   16.900269
   16.748688
   16.597046
   16.450256
   16.313385
   16.176544
   16.039642
   15.906464
   15.798981
   15.691467
   15.584015
   15.476501
   15.351929
   15.217072
   15.082214
   15.014771
