  0.2572000    
  0.2918000    
  0.3110512    
  0.3672927    
  0.4152448    
  0.4635862    
  0.4828288    
  0.4962431    
  0.5079800    
  0.5144299    
  0.5210333    
  0.5275621    
  0.5330492    
  0.5385428    
  0.5440170    
  0.5498456    
  0.5559109    
  0.5622039    
  0.5697305    
  0.5788808    
  0.5882352    
  0.5974628    
  0.6068566    
  0.6163250    
  0.6260093    
  0.6356909    
  0.6453500    
  0.6545690    
  0.6640187    
  0.6744231    
  0.6857381    
  0.6982021    
  0.7113997    
  0.7284301    
  0.7496836    
  0.7721601    
  0.7954363    
  0.8220385    
  0.8672566    
  0.9134042    
  0.9606174    
   1.011012    
   1.065374    
   1.120780    
   1.174581    
   1.244334    
   1.313863    
   1.384082    
   1.451110    
   1.511667    
   1.574472    
   1.639183    
   1.704112    
   1.767318    
   1.832459    
   1.899201    
   1.967116    
   1.961773    
   1.955869    
   1.949166    
   1.941107    
   1.890375    
