  1.7999999E-02
  2.6900001E-02
  3.2313354E-02
  3.6709998E-02
  3.9942224E-02
  4.2724162E-02
  4.3232605E-02
  4.3972142E-02
  4.4626459E-02
  4.4796966E-02
  4.4969253E-02
  4.5140583E-02
  4.1842777E-02
  3.8417578E-02
  3.4968957E-02
  3.1405419E-02
  2.7820744E-02
  2.4210222E-02
  2.0162044E-02
  1.5664799E-02
  1.0912308E-02
  6.1060642E-03
  1.0403851E-03
 -4.0795440E-03
 -9.3606906E-03
 -1.4911399E-02
 -2.1164246E-02
 -2.8347896E-02
 -3.5616625E-02
 -4.4471022E-02
 -5.4706782E-02
 -6.6563092E-02
 -8.0032460E-02
 -9.4083384E-02
 -0.1087859    
 -0.1247667    
 -0.1418485    
 -0.1632143    
 -0.2060753    
 -0.2510026    
 -0.2977588    
 -0.3616611    
 -0.4479161    
 -0.5365528    
 -0.6228920    
 -0.6685114    
 -0.7138405    
 -0.7592512    
 -0.7972659    
 -0.8211855    
 -0.8462327    
 -0.8724874    
 -0.9031692    
 -0.9413967    
 -0.9806723    
  -1.020675    
  -1.061490    
  -1.123256    
  -1.185276    
  -1.247234    
  -1.308738    
  -1.307283    
