   21.226990
   21.149323
   21.071655
   20.974823
   20.833405
   20.691986
   20.550629
   20.409302
   20.289246
   20.190491
   20.091736
   19.993073
   19.894348
   19.795654
   19.706390
   19.626434
   19.546509
   19.466553
   19.386688
   19.306763
   19.226837
   19.158813
   19.118317
   19.077789
   19.037323
   18.996826
   18.956360
   18.915833
   18.867249
   18.810089
   18.737305
   18.655457
   18.564484
   18.464417
   18.355988
   18.256653
   18.149658
   18.035004
   17.912048
   17.777649
   17.635315
   17.485046
   17.340210
   17.203247
   17.066345
   16.934143
   16.835175
   16.736237
   16.637299
   16.535828
   16.429047
   16.322296
   16.215515
   16.106720
   15.983673
   15.860565
   15.737488
   15.614441
   15.482666
   15.345703
   15.208740
   15.140259
