  0.2955000    
  0.2956000    
  0.2775983    
  0.3281261    
  0.3338456    
  0.3387266    
  0.3438276    
  0.3497840    
  0.3550372    
  0.3593738    
  0.3628130    
  0.3652315    
  0.3644120    
  0.3628763    
  0.3607722    
  0.3583488    
  0.3555045    
  0.3524498    
  0.3479834    
  0.3415993    
  0.3352490    
  0.3287870    
  0.3224258    
  0.3163188    
  0.3083511    
  0.2996967    
  0.2884820    
  0.2725560    
  0.2567588    
  0.2371763    
  0.2132218    
  0.1847456    
  0.1513927    
  0.1129023    
  6.9187947E-02
  2.0338252E-02
 -3.3433679E-02
 -9.4122432E-02
 -0.1732621    
 -0.2568551    
 -0.3440823    
 -0.4190190    
 -0.4759428    
 -0.5331965    
 -0.5876102    
 -0.7122555    
 -0.8320963    
 -0.9485775    
  -1.058680    
  -1.160706    
  -1.265504    
  -1.374566    
  -1.450573    
  -1.460306    
  -1.473246    
  -1.487728    
  -1.502232    
  -1.514108    
  -1.524243    
  -1.532278    
  -1.538234    
  -1.490048    
