0.997397791
0.997522628
0.997518328
0.997560502
0.997652762
0.997785334
0.997959245
0.998168425
0.998399912
0.998643632
0.998858327
0.999037669
0.999191123
0.99932649
0.999443965
0.999549976
0.999647951
0.999738061
0.999820699
0.999894231
0.99995694
1.000006288
1.000039602
1.000058557
1.000066123
1.000066093
1.000062937
1.000061528
1.000067001
1.000081219
1.000104398
1.000137293
1.000179427
1.000228587
1.000283029
1.000340779
1.000401065
1.000462354
1.000521257
1.000575471
1.000623243
1.000661991
1.000690582
1.000709079
1.000718475
1.000720899
1.000719604
1.000718943
1.000723311
1.000735026
1.000755741
1.000786918
1.000826872
1.000872004
1.000918358
1.000963058
1.001004091
1.001039975
1.00106696
1.001086363
1.001099555
1.000836834
