1.002267857
0.996848837
0.99820068
0.999021021
0.999607527
0.997575243
0.997290909
0.998776053
0.99749676
0.996418067
0.99497541
0.992864271
0.99209127
0.991094675
0.989747059
0.988302144
0.984996132
0.983890385
0.983087619
0.981016886
0.982975926
0.985023723
0.989951351
0.993403197
0.999670753
1.007188581
1.014453767
1.023437607
1.03494198
1.045558773
1.056322581
1.067876481
1.07706229
1.088488333
1.095625817
1.10352
1.107208138
1.111035061
1.112008785
1.11106882
1.111401617
1.107804124
1.102744785
1.097083041
1.089496098
1.082596859
1.074293189
1.065918768
1.059514589
1.050953177
1.045129365
1.038913208
1.033692473
1.028900407
1.02562982
1.023146088
1.020824694
1.020092069
1.019269312
1.01918908
1.018738752
0.999929417
