0.997290778
0.997394699
0.997385645
0.997424786
0.997517523
0.99765437
0.997838534
0.998062433
0.99831202
0.998575551
0.998809268
0.999004327
0.999169147
0.999311038
0.999432137
0.999539032
0.999635563
0.999722452
0.999801698
0.999873347
0.999935542
0.999985491
1.000020809
1.000043844
1.000057571
1.000064332
1.000067516
1.000071043
1.000079449
1.000094121
1.000114949
1.00014273
1.000177889
1.000219468
1.000267161
1.000319888
1.000378623
1.000442045
1.000508087
1.000573748
1.000635703
1.000689798
1.000732411
1.000760417
1.000770814
1.000762437
1.000735526
1.000694513
1.0006465
1.000597686
1.000554257
1.000525345
1.000518135
1.00053443
1.000578231
1.000644039
1.000727449
1.000823725
1.000913043
1.000990382
1.001054471
1.001183257
