0.999632492
1.000964072
1.000406336
0.996823226
0.993154626
0.991433208
0.98935635
0.990041514
0.98985006
0.991194245
0.992090476
0.992608284
0.993663529
0.993447953
0.992722934
0.992201389
0.990945853
0.991289323
0.989969143
0.989134396
0.989239501
0.989519231
0.98977903
0.990137079
0.993755605
0.997817253
1.003814433
1.013261521
1.022857639
1.035140698
1.04997193
1.063353702
1.078656434
1.092759479
1.105539192
1.117180523
1.125024882
1.130821176
1.132091533
1.12953473
1.124237092
1.11411144
1.100960109
1.084644946
1.066982184
1.047800968
1.029945103
1.013224432
0.999885956
0.989914947
0.982526417
0.97959853
0.979493077
0.982767307
0.988363109
0.994661607
1.001603302
1.009323663
1.016069521
1.021224404
1.025389364
0.999734928
