   21.263123
   21.212372
   21.161621
   21.086609
   20.954895
   20.823181
   20.691498
   20.559845
   20.447510
   20.354462
   20.261353
   20.168365
   20.075317
   19.982300
   19.896973
   19.819397
   19.741791
   19.664185
   19.586609
   19.509003
   19.431458
   19.364807
   19.323639
   19.282410
   19.241180
   19.200012
   19.158813
   19.117584
   19.068146
   19.010132
   18.938873
   18.858765
   18.769714
   18.671753
   18.564453
   18.436707
   18.299133
   18.151733
   18.004059
   17.901886
   17.793701
   17.679535
   17.541931
   17.393860
   17.245789
   17.098267
   16.954651
   16.811066
   16.667450
   16.534973
   16.425629
   16.316284
   16.206940
   16.093689
   15.953033
   15.812347
   15.671692
   15.531036
   15.388794
   15.245575
   15.102386
   15.030762
