  0.3365000    
  0.4204000    
  0.4271204    
  0.4853917    
  0.5115434    
  0.5359231    
  0.5580609    
  0.5776350    
  0.5957297    
  0.6122555    
  0.6271771    
  0.6407841    
  0.6537702    
  0.6664267    
  0.6790223    
  0.6917127    
  0.7047312    
  0.7176927    
  0.7300794    
  0.7414556    
  0.7518132    
  0.7609948    
  0.7668461    
  0.7696120    
  0.7723960    
  0.7759282    
  0.7828256    
  0.7948007    
  0.8081138    
  0.8243089    
  0.8434721    
  0.8656920    
  0.8903720    
  0.9104506    
  0.9241911    
  0.9384039    
  0.9522774    
  0.9687442    
   1.007859    
   1.046292    
   1.083625    
   1.131528    
   1.194131    
   1.256107    
   1.314331    
   1.395339    
   1.475372    
   1.555944    
   1.624475    
   1.669643    
   1.718907    
   1.772213    
   1.816490    
   1.839928    
   1.865849    
   1.893400    
   1.922007    
   1.892198    
   1.860791    
   1.827329    
   1.791544    
   1.728034    
