  0.3823000    
  0.4265000    
  0.3994878    
  0.4388770    
  0.4470201    
  0.4525997    
  0.4577062    
  0.4637967    
  0.4682339    
  0.4709204    
  0.4721856    
  0.4719690    
  0.4708377    
  0.4691771    
  0.4672960    
  0.4651846    
  0.4630429    
  0.4606299    
  0.4580771    
  0.4554335    
  0.4519258    
  0.4476560    
  0.4413407    
  0.4332456    
  0.4251655    
  0.4174375    
  0.4093045    
  0.3999722    
  0.3912396    
  0.3806983    
  0.3683252    
  0.3537724    
  0.3369234    
  0.3136080    
  0.2825690    
  0.2479523    
  0.2094966    
  0.1614023    
  7.2171189E-02
 -2.3250934E-02
 -0.1239368    
 -0.2461689    
 -0.3943158    
 -0.5456633    
 -0.6918356    
 -0.7620009    
 -0.8308284    
 -0.8994021    
 -0.9624532    
  -1.015051    
  -1.069914    
  -1.127137    
  -1.176789    
  -1.209589    
  -1.244164    
  -1.280034    
  -1.316780    
  -1.347240    
  -1.377179    
  -1.406171    
  -1.433809    
  -1.410546    
