   20.54208    
   20.50497    
   20.43073    
   20.35016    
   20.23462    
   20.13205    
   20.04486    
   19.96915    
   19.92526    
   19.90851    
   19.88223    
   19.84201    
   19.79248    
   19.73532    
   19.68234    
   19.63556    
   19.58624    
   19.53293    
   19.47839    
   19.42081    
   19.36072    
   19.30676    
   19.26559    
   19.22275    
   19.17688    
   19.13043    
   19.08240    
   19.03592    
   18.97998    
   18.91806    
   18.85922    
   18.79364    
   18.72256    
   18.64532    
   18.56046    
   18.46869    
   18.36993    
   18.26361    
   18.14902    
   18.03311    
   17.90753    
   17.77173    
   17.62979    
   17.48834    
   17.34332    
   17.19965    
   17.08380    
   16.96451    
   16.84500    
   16.72357    
   16.59906    
   16.47595    
   16.35767    
   16.24371    
   16.13809    
   16.03696    
   15.93964    
   15.84641    
   15.73392    
   15.60910    
   15.48163    
   15.44003    
