  0.5137000    
  0.5218000    
  0.4555241    
  0.5184944    
  0.5218634    
  0.5247031    
  0.5279248    
  0.5321179    
  0.5350993    
  0.5366814    
  0.5366412    
  0.5349231    
  0.5330524    
  0.5301481    
  0.5259603    
  0.5206464    
  0.5145335    
  0.5076557    
  0.4992337    
  0.4889444    
  0.4784815    
  0.4683435    
  0.4584460    
  0.4492956    
  0.4410917    
  0.4275844    
  0.4129880    
  0.3964125    
  0.3808315    
  0.3619138    
  0.3390721    
  0.3118395    
  0.2795136    
  0.2360558    
  0.1797905    
  0.1156842    
  4.3697633E-02
 -3.9631069E-02
 -0.1554765    
 -0.2788061    
 -0.4078863    
 -0.5331342    
 -0.6499928    
 -0.7683684    
 -0.8817664    
  -1.017625    
  -1.149604    
  -1.279883    
  -1.378954    
  -1.422779    
  -1.472116    
  -1.526524    
  -1.563531    
  -1.562740    
  -1.563557    
  -1.564295    
  -1.563666    
  -1.580241    
  -1.594876    
  -1.607821    
  -1.618922    
  -1.560380    
