1.91
3.824374309
4.4
4.736719444
4.975625691
5.160935773
5.312345134
5.440359926
5.551251382
5.649064578
5.736561464
5.815712025
5.887970825
5.954442478
6.015985616
6.073280907
6.126877073
6.177222931
6.224690269
6.269590519
6.312187155
6.35270506
6.391337715
6.428252785
6.463596516
6.497497237
6.530068169
6.561409712
6.591611307
6.620752976
6.648906598
6.676136983
6.702502763
6.728057159
6.752848622
6.776921389
6.80031596
6.823069502
6.84521621
6.866787613
6.887812845
6.908318883
6.928330751
6.947871707
6.966963406
6.985626042
7.003878476
7.021738354
7.039222207
7.056345542
7.073122927
7.089568065
7.10569386
7.121512478
7.137035403
7.152273488
7.167236998
7.181935653
7.196378666
7.210574778
7.224532289
7.238259086
7.251762674
7.265050195
7.278128454
7.291003942
7.30368285
7.31617109
7.328474313
7.34059792
7.35254708
7.364326743
7.375941651
7.387396347
7.398695193
7.409842371
7.4208419
7.431697641
7.442413304
7.452992457
7.463438536
7.473754847
7.483944574
7.494010786
7.503956442
7.513784395
7.523497398
7.53309811
7.542589097
7.551972839
7.561251733
7.570428095
7.579504167
7.588482117
7.597364045
7.606151982
7.614847898
7.623453698
7.631971233
7.640402293
7.648748618
7.657011894
7.665193756
7.673295794
7.681319551
7.689266524
7.697138169
7.704935901
7.712661094
7.720315087
7.727899179
7.735414636
7.742862689
7.750244536
7.757561344
7.764814249
7.772004357
7.779132747
7.786200469
7.793208547
7.80015798
7.80704974
7.813884777
7.820664018
7.827388365
7.8340587
7.840675885
7.84724076
7.853754145
7.860216842
7.866629633
7.872993283
7.879308541
7.885576135
7.891796781
7.897971176
7.904100004
7.910183931
7.916223611
7.922219682
7.928172771
7.934083489
7.939952434
7.945780194
7.951567341
7.957314439
7.963022038
7.968690677
7.974320883
7.979913176
7.985468062
7.990986038
7.996467591
8.0019132
8.007323332
8.012698447
8.018038995
8.023345417
8.028618148
8.033857612
8.039064227
8.044238402
8.049380538
8.05449103
8.059570265
8.064618623
8.069636477
8.074624194
8.079582133
8.084510648
8.089410086
8.094280788
8.099123089
8.103937319
8.108723801
8.113482853
8.118214788
8.122919913
8.12759853
8.132250936
8.136877423
8.141478279
8.146053786
8.150604221
8.155129858
8.159630965
8.164107808
8.168560646
8.172989736
8.177395329
8.181777673
8.186137013
8.190473589
8.194787636
8.199079389
8.203349077
8.207596924
8.211823153
8.216027984
8.220211632
8.224374309
8.228516225
