6.77
13.47222768
15.5
16.68617077
17.52777232
18.1805692
18.71394309
19.16490428
19.55554464
19.90011385
20.20834152
20.48716736
20.74171541
20.97587691
21.1926766
21.39451229
21.58331696
21.76067169
21.92788617
22.08605751
22.23611384
22.37884737
22.51493968
22.6449814
22.76948773
22.88891072
23.00364923
23.11405694
23.22044892
23.32310707
23.42228461
23.51820983
23.61108928
23.70111045
23.78844401
23.8732458
23.95565849
24.03581302
24.11382983
24.18982
24.26388616
24.33612334
24.40661969
24.47545715
24.542712
24.60845537
24.67275372
24.7356692
24.79726005
24.85758089
24.91668304
24.97461478
25.03142155
25.08714623
25.14182926
25.19550888
25.24822124
25.3000006
25.35087939
25.40088842
25.45005693
25.49841269
25.54598215
25.59279046
25.6388616
25.68421843
25.72888277
25.77287543
25.81621633
25.85892449
25.90101812
25.94251466
25.98343081
26.02378259
26.06358534
26.10285381
26.14160215
26.17984396
26.21759232
26.25485979
26.29165848
26.32800003
26.36389566
26.39935618
26.43439201
26.46901321
26.50322947
26.53705016
26.57048432
26.60354068
26.63622769
26.66855352
26.70052604
26.73215291
26.76344152
26.79439903
26.82503237
26.85534826
26.88535321
26.91505353
26.94445536
26.97356463
27.0023871
27.03092837
27.05919387
27.08718889
27.11491855
27.14238783
27.16960158
27.19656451
27.2232812
27.2497561
27.27599356
27.3019978
27.32777292
27.35332292
27.37865171
27.40376309
27.42866074
27.45334829
27.47782925
27.50210704
27.52618501
27.55006643
27.57375447
27.59725224
27.62056278
27.64368904
27.66663392
27.68940024
27.71199075
27.73440816
27.75665509
27.77873411
27.80064775
27.82239846
27.84398865
27.86542066
27.88669681
27.90781934
27.92879044
27.94961229
27.97028698
27.99081659
28.01120313
28.03144859
28.05155491
28.07152397
28.09135766
28.11105778
28.13062613
28.15006445
28.16937447
28.18855786
28.20761628
28.22655135
28.24536464
28.26405772
28.28263211
28.30108932
28.3194308
28.33765801
28.35577235
28.37377522
28.39166798
28.40945197
28.4271285
28.44469886
28.46216433
28.47952614
28.49678553
28.51394368
28.53100179
28.54796101
28.56482248
28.58158732
28.59825664
28.61483151
28.631313
28.64770216
28.66400001
28.68020757
28.69632584
28.71235578
28.72829836
28.74415454
28.75992523
28.77561137
28.79121384
28.80673355
28.82217135
28.83752811
28.85280469
28.8680019
28.88312058
28.89816152
28.91312553
28.92801338
28.94282585
28.9575637
28.97222768
28.98681852
