2.91
5.823479062
6.7
7.21273188
7.576520938
7.858697654
8.089252818
8.284184432
8.453041877
8.601984698
8.735218592
8.85574331
8.965773757
9.066991956
9.160705371
9.247950473
9.329562815
9.406225827
9.478505637
9.546876472
9.611739531
9.673437251
9.732264248
9.788475832
9.842294695
9.893916247
9.943512894
9.991237517
10.03722631
10.08160112
10.12447141
10.16593586
10.20608375
10.24499613
10.28274677
10.31940302
10.35502658
10.38967401
10.42339741
10.45624477
10.48826047
10.51948557
10.54995819
10.57971374
10.60878519
10.63720329
10.66499677
10.69219249
10.71881563
10.7448898
10.77043718
10.79547865
10.82003383
10.84412127
10.86775846
10.8909619
10.91374725
10.93612929
10.95812206
10.97973887
11.00099235
11.02189452
11.0424568
11.06269007
11.08260469
11.10221055
11.12151707
11.14053325
11.1592677
11.17772865
11.19592396
11.21386118
11.23154751
11.24898989
11.26619495
11.28316907
11.29991835
11.31644868
11.33276571
11.34887488
11.36478141
11.38049034
11.39600651
11.41133461
11.42647913
11.44144442
11.45623467
11.47085394
11.48530613
11.49959501
11.51372423
11.52769733
11.54151771
11.55518868
11.56871343
11.58209506
11.59533657
11.60844086
11.62141074
11.63424895
11.64695812
11.65954084
11.67199958
11.68433678
11.69655477
11.70865584
11.72064221
11.73251603
11.74427939
11.75593434
11.76748284
11.77892683
11.79026819
11.80150873
11.81265023
11.82369442
11.834643
11.84549759
11.85625981
11.8669312
11.87751329
11.88800756
11.89841546
11.90873839
11.91897774
11.92913484
11.93921101
11.94920752
11.95912563
11.96896655
11.97873149
11.98842159
11.99803801
12.00758184
12.01705419
12.02645611
12.03578864
12.0450528
12.05424959
12.06337997
12.0724449
12.08144531
12.09038212
12.0992562
12.10806845
12.11681971
12.12551083
12.13414262
12.14271589
12.15123143
12.15969
12.16809238
12.17643929
12.18473146
12.19296962
12.20115445
12.20928665
12.21736689
12.22539582
12.23337409
12.24130235
12.2491812
12.25701127
12.26479316
12.27252745
12.28021472
12.28785554
12.29545048
12.30300007
12.31050485
12.31796536
12.32538211
12.33275561
12.34008637
12.34737488
12.35462162
12.36182706
12.36899169
12.37611594
12.38320029
12.39024517
12.39725102
12.40421826
12.41114734
12.41803865
12.42489261
12.43170962
12.43849008
12.44523437
12.45194289
12.458616
12.46525409
12.47185751
12.47842663
12.4849618
12.49146337
12.49793168
12.50436707
12.51076989
12.51714044
12.52347906
12.52978607
