8.24
16.47088481
18.95
20.40018942
21.42911519
22.22721202
22.87930461
23.43064104
23.90823038
24.32949404
24.70632721
25.04721429
25.3584198
25.64470113
25.90975623
26.15651663
26.38734557
26.60417603
26.80860923
27.00198644
27.1854424
27.35994566
27.52632948
27.68531597
27.837535
27.98353923
28.12381632
28.25879865
28.38887143
28.51437929
28.63563183
28.75290814
28.86646077
28.9765189
29.08329122
29.18696826
29.28772442
29.38571979
29.48110163
29.57400574
29.6645576
29.75287337
29.83906085
29.92322019
30.00544467
30.08582125
30.16443116
30.24135041
30.31665019
30.39039728
30.46265443
30.53348065
30.60293151
30.67105942
30.73791384
30.8035415
30.86798662
30.93129105
30.99349448
31.05463456
31.11474702
31.17386584
31.23202333
31.28925027
31.34557596
31.40102834
31.45563409
31.50941867
31.56240641
31.61462059
31.66608345
31.71681632
31.76683961
31.8161729
31.86483498
31.91284385
31.96021682
32.00697052
32.05312093
32.09868342
32.14367279
32.18810326
32.23198856
32.27534191
32.31817604
32.36050325
32.40233539
32.44368391
32.48455986
32.52497393
32.56493644
32.60445736
32.64354636
32.68221276
32.7204656
32.75831365
32.79576538
32.832829
32.86951247
32.90582351
32.94176962
32.97735804
33.01259584
33.04748984
33.0820467
33.11627287
33.15017461
33.18375803
33.21702903
33.24999339
33.28265669
33.3150244
33.34710181
33.37889408
33.41040624
33.44164319
33.47260968
33.50331035
33.53374975
33.56393227
33.59386221
33.62354377
33.65298103
33.68217798
33.71113852
33.73986645
33.76836546
33.79663918
33.82469115
33.85252481
33.88014353
33.90755062
33.93474928
33.96174267
33.98853386
34.01512586
34.04152161
34.06772397
34.09373578
34.11955977
34.14519864
34.17065503
34.19593151
34.22103061
34.2459548
34.27070651
34.2952881
34.31970189
34.34395017
34.36803516
34.39195904
34.41572396
34.43933201
34.46278526
34.48608571
34.50923536
34.53223612
34.55508992
34.57779862
34.60036404
34.62278798
34.64507221
34.66721845
34.68922841
34.71110375
34.73284611
34.7544571
34.77593829
34.79729123
34.81851745
34.83961844
34.86059567
34.88145058
34.90218459
34.9227991
34.94329547
34.96367505
34.98393917
35.00408912
35.02412619
35.04405163
35.06386668
35.08357255
35.10317045
35.12266155
35.142047
35.16132795
35.18050551
35.19958079
35.21855488
35.23742884
35.25620373
35.27488057
35.29346039
35.31194419
35.33033295
35.34862766
35.36682926
35.38493871
35.40295692
35.42088481
35.43872329
