5.34
10.69086455
12.3
13.2412839
13.90913545
14.42716137
14.85041935
15.20827888
15.51827091
15.79170325
16.03629682
16.25755861
16.45955481
16.64537329
16.81741434
16.97758072
17.12740636
17.26814592
17.40083871
17.52635531
17.64543227
17.75869824
17.86669407
17.96988847
18.06869026
18.16345818
18.25450875
18.34212261
18.42654979
18.508014
18.58671617
18.66283747
18.73654182
18.80797797
18.87728137
18.9445757
19.00997416
19.07358065
19.13549077
19.19579264
19.25456773
19.31189142
19.36783369
19.42245955
19.47582952
19.52800007
19.57902392
19.6289504
19.67782572
19.72569322
19.77259364
19.81856527
19.8636442
19.90786443
19.95125806
19.99385543
20.03568524
20.07677467
20.11714945
20.15683404
20.19585163
20.23422426
20.27197293
20.30911759
20.34567727
20.38167011
20.41711342
20.45202373
20.48641683
20.52030782
20.55371116
20.58664067
20.61910961
20.6511307
20.68271611
20.71387754
20.74462622
20.77497295
20.8049281
20.83450164
20.86370318
20.89254196
20.92102688
20.94916652
20.97696914
21.00444274
21.031595
21.05843335
21.08496498
21.1111968
21.13713553
21.16278763
21.18815938
21.21325683
21.23808585
21.26265213
21.28696117
21.31101829
21.33482867
21.35839732
21.38172909
21.4048287
21.42770073
21.45034961
21.47277965
21.49499506
21.51699988
21.53879809
21.56039351
21.5817899
21.60299089
21.62400001
21.6448207
21.66545632
21.68591012
21.70618529
21.72628491
21.746212
21.76596949
21.78556026
21.80498708
21.82425268
21.84335972
21.86231078
21.88110838
21.899755
21.91825304
21.93660485
21.95481272
21.9728789
21.99080556
22.00859486
22.02624888
22.04376965
22.06115918
22.07841942
22.09555228
22.11255962
22.12944327
22.14620502
22.16284661
22.17936975
22.19577612
22.21206736
22.22824507
22.24431082
22.26026615
22.27611257
22.29185156
22.30748456
22.32301299
22.33843824
22.35376168
22.36898463
22.38410841
22.39913429
22.41406355
22.42889742
22.4436371
22.45828378
22.47283863
22.4873028
22.50167741
22.51596356
22.53016233
22.54427479
22.55830197
22.5722449
22.5861046
22.59988204
22.61357819
22.62719402
22.64073045
22.65418841
22.66756881
22.68087252
22.69410043
22.70725339
22.72033225
22.73333784
22.74627098
22.75913246
22.77192308
22.78464362
22.79729483
22.80987747
22.82239228
22.83483999
22.84722131
22.85953694
22.87178759
22.88397392
22.89609662
22.90815635
22.92015375
22.93208946
22.94396413
22.95577836
22.96753277
22.97922797
22.99086455
23.00244308
