0.39
0.782258381
0.9
0.968874432
1.017741619
1.055645954
1.08661605
1.112800894
1.135483237
1.155490482
1.173387572
1.18957746
1.204357669
1.217954143
1.230542512
1.242262004
1.253224856
1.263522872
1.2732321
1.282416242
1.291129191
1.299416944
1.307319078
1.314869888
1.322099287
1.329033526
1.335695762
1.342106532
1.348284131
1.354244927
1.360003622
1.365573474
1.370966474
1.37619351
1.381264491
1.386188466
1.390973719
1.395627853
1.400157861
1.404570194
1.408870809
1.413065226
1.417158563
1.421155576
1.425060697
1.428878054
1.432611506
1.436264663
1.439840906
1.443343406
1.446775144
1.450138922
1.45343738
1.456673007
1.459848151
1.462965032
1.46602575
1.469032293
1.471986545
1.474890296
1.477745241
1.480552995
1.483315092
1.486032994
1.488708093
1.491341715
1.493935128
1.496489541
1.499006109
1.501485938
1.503930085
1.506339561
1.508715338
1.511058344
1.513369471
1.515649576
1.51789948
1.520119972
1.522311812
1.52447573
1.526612428
1.528722582
1.530806845
1.532865843
1.534900181
1.536910444
1.538897195
1.540860977
1.542802315
1.544721717
1.546619673
1.548496656
1.550353125
1.552189524
1.554006282
1.555803815
1.557582525
1.559342802
1.561085025
1.56280956
1.564516763
1.566206978
1.567880541
1.569537776
1.571178999
1.572804516
1.574414625
1.576009616
1.577589769
1.579155359
1.58070665
1.582243903
1.583767368
1.585277291
1.586773911
1.58825746
1.589728164
1.591186244
1.592631914
1.594065385
1.59548686
1.596896538
1.598294614
1.599681276
1.601056711
1.602421098
1.603774613
1.605117428
1.606449711
1.607771627
1.609083334
1.61038499
1.611676747
1.612958755
1.61423116
1.615494104
1.616747728
1.617992168
1.619227557
1.620454026
1.621671703
1.622880714
1.62408118
1.625273221
1.626456956
1.627632499
1.628799962
1.629959457
1.63111109
1.632254968
1.633391194
1.634519871
1.635641098
1.636754973
1.637861591
1.638961046
1.640053431
1.641138835
1.642217348
1.643289057
1.644354046
1.6454124
1.646464201
1.647509529
1.648548463
1.649581082
1.650607461
1.651627676
1.6526418
1.653649905
1.654652063
1.655648343
1.656638814
1.657623543
1.658602596
1.659576038
1.660543934
1.661506346
1.662463336
1.663414964
1.664361291
1.665302375
1.666238274
1.667169045
1.668094744
1.669015425
1.669931143
1.67084195
1.671747901
1.672649045
1.673545433
1.674437116
1.675324143
1.676206562
1.677084421
1.677957766
1.678826644
1.6796911
1.680551179
1.681406925
1.682258381
1.683105591
