0.04
0.086917598
0.1
0.107652715
0.113082402
0.117293995
0.120735117
0.123644544
0.126164804
0.128387831
0.130376397
0.132175273
0.133817519
0.135328238
0.136726946
0.138029112
0.139247206
0.14039143
0.141470233
0.142490694
0.143458799
0.14437966
0.145257675
0.146096654
0.146899921
0.147670392
0.14841064
0.149122948
0.149809348
0.150471659
0.151111514
0.151730386
0.152329608
0.15291039
0.153473832
0.154020941
0.154552635
0.155069761
0.155573096
0.156063355
0.156541201
0.157007247
0.157462063
0.157906175
0.158340077
0.158764228
0.159179056
0.159584963
0.159982323
0.16037149
0.160752794
0.161126547
0.161493042
0.161852556
0.16220535
0.16255167
0.16289175
0.16322581
0.163554061
0.1638767
0.164193916
0.164505888
0.164812788
0.165114777
0.16541201
0.165704635
0.165992792
0.166276616
0.166556234
0.166831771
0.167103343
0.167371062
0.167635038
0.167895372
0.168152163
0.168405508
0.168655498
0.168902219
0.169145757
0.169386192
0.169623603
0.169858065
0.170089649
0.170318427
0.170544465
0.170767827
0.170988577
0.171206775
0.171422479
0.171635746
0.17184663
0.172055184
0.172261458
0.172465503
0.172667365
0.172867091
0.173064725
0.173260311
0.173453892
0.173645507
0.173835196
0.174022998
0.174208949
0.174393086
0.174575444
0.174756057
0.174934958
0.17511218
0.175287752
0.175461707
0.175634072
0.175804878
0.175974152
0.176141921
0.176308212
0.176473051
0.176636463
0.176798472
0.176959102
0.177118376
0.177276318
0.177432949
0.17758829
0.177742364
0.17789519
0.178046789
0.178197179
0.178346381
0.178494412
0.178641292
0.178787037
0.178931666
0.179075194
0.179217639
0.179359018
0.179499345
0.179638636
0.179776908
0.179914173
0.180050447
0.180185745
0.180320079
0.180453464
0.180585913
0.18071744
0.180848055
0.180977774
0.181106606
0.181234566
0.181361663
0.18148791
0.181613319
0.1817379
0.181861664
0.181984621
0.182106783
0.182228159
0.182348759
0.182468594
0.182587673
0.182706005
0.1828236
0.182940467
0.183056614
0.183172051
0.183286787
0.183400829
0.183514186
0.183626867
0.183738878
0.183850229
0.183960927
0.184070979
0.184180394
0.184289177
0.184397338
0.184504882
0.184611816
0.184718148
0.184823885
0.184929032
0.185033597
0.185137586
0.185241005
0.18534386
0.185446158
0.185547905
0.185649106
0.185749767
0.185849894
0.185949493
0.186048568
0.186147127
0.186245174
0.186342713
0.186439752
0.186536294
0.186632344
0.186727909
0.186822992
0.186917598
0.187011732
