4.05
8.126795407
9.35
10.06552882
10.57320459
10.96698852
11.28873341
11.56076484
11.79640919
12.00426223
12.19019311
12.35838805
12.511938
12.65319027
12.78396944
12.90572193
13.01961378
13.12659873
13.22746682
13.32287985
13.4133977
13.49949825
13.58159265
13.66003717
13.7351426
13.80718163
13.87639486
13.94299564
14.00717403
14.06910007
14.12892652
14.18679109
14.24281837
14.29712146
14.34980332
14.40095795
14.45067141
14.49902269
14.54608445
14.59192368
14.6366023
14.68017763
14.72270285
14.76422738
14.80479724
14.84445534
14.88324176
14.921194
14.95834719
14.99473428
15.03038622
15.06533214
15.09959945
15.13321402
15.16620023
15.19858116
15.23037862
15.26161326
15.29230467
15.3224714
15.35213111
15.38130056
15.40999568
15.43823166
15.46602297
15.49338338
15.52032606
15.54686357
15.57300791
15.59877058
15.62416255
15.64919433
15.67387601
15.69821724
15.72222728
15.74591504
15.76928904
15.79235749
15.81512827
15.83760897
15.85980689
15.88172905
15.90338222
15.92477292
15.94590744
15.96679184
15.98743197
16.00783348
16.02800183
16.04794228
16.06765993
16.0871597
16.10644635
16.1255245
16.1443986
16.16307296
16.18155178
16.19983911
16.21793887
16.23585487
16.25359081
16.27115027
16.28853673
16.30575356
16.32280405
16.33969136
16.35641861
16.37298879
16.38940483
16.40566956
16.42178576
16.4377561
16.45358321
16.46926964
16.48481786
16.50023028
16.51550926
16.53065709
16.545676
16.56056816
16.57533571
16.5899807
16.60450515
16.61891104
16.63320027
16.64737474
16.66143626
16.67538662
16.68922756
16.70296079
16.71658797
16.73011073
16.74353065
16.75684929
16.77006816
16.78318875
16.79621251
16.80914085
16.82197517
16.83471682
16.84736714
16.85992741
16.87239892
16.88478291
16.8970806
16.90929318
16.92142183
16.93346769
16.94543188
16.9573155
16.96911963
16.98084533
16.99249363
17.00406555
17.01556208
17.0269842
17.03833286
17.04960901
17.06081356
17.07194743
17.08301148
17.0940066
17.10493364
17.11579344
17.12658681
17.13731457
17.14797751
17.15857641
17.16911203
17.17958513
17.18999643
17.20034667
17.21063656
17.2208668
17.23103808
17.24115106
17.25120642
17.26120481
17.27114688
17.28103324
17.29086452
17.30064134
17.31036429
17.32003397
17.32965095
17.3392158
17.34872909
17.35819137
17.36760319
17.37696507
17.38627756
17.39554115
17.40475638
17.41392373
17.4230437
17.43211679
17.44114346
17.4501242
17.45905947
17.46794972
17.47679541
17.48559698
