1.06
2.129481149
2.45
2.637491508
2.770518851
2.873702874
2.958010359
3.029291322
3.091037701
3.145501867
3.194221724
3.238294196
3.27852921
3.315541835
3.349810173
3.381713232
3.411556552
3.439590041
3.466020718
3.491021993
3.514740575
3.537301681
3.558813046
3.579368028
3.59904806
3.617924598
3.636060685
3.653512226
3.670329023
3.686555634
3.702232083
3.717394456
3.732075402
3.746304554
3.760108892
3.773513046
3.786539568
3.799209154
3.811540844
3.823552193
3.835259425
3.84667756
3.857820532
3.868701292
3.879331897
3.889723591
3.899886879
3.909831584
3.919566911
3.929101495
3.938443448
3.9476004
3.956579536
3.96538763
3.974031077
3.98251592
3.990847874
3.999032352
4.007074485
4.014979138
4.022750934
4.030394264
4.037913307
4.04531204
4.052594253
4.059763559
4.066823405
4.073777084
4.080627742
4.087378387
4.094031897
4.100591028
4.107058419
4.113436602
4.119728005
4.125934957
4.132059695
4.138104368
4.144071044
4.149961709
4.155778276
4.161522585
4.16719641
4.17280146
4.178339382
4.183811765
4.189220142
4.194565993
4.199850747
4.205075785
4.210242442
4.215352007
4.220405729
4.225404815
4.230350434
4.235243718
4.240085761
4.244877628
4.249620346
4.254314913
4.258962299
4.263563441
4.268119251
4.272630613
4.277098386
4.281523405
4.28590648
4.290248399
4.294549927
4.29881181
4.30303477
4.307219513
4.311366725
4.315477071
4.319551203
4.323589752
4.327593335
4.331562552
4.335497989
4.339400214
4.343269784
4.347107242
4.350913115
4.354687919
4.358432158
4.362146322
4.365830891
4.369486332
4.373113104
4.376711651
4.380282409
4.383825806
4.387342256
4.390832166
4.394295935
4.39773395
4.401146593
4.404534234
4.407897238
4.411235959
4.414550748
4.417841943
4.421109878
4.424354881
4.42757727
4.430777358
4.433955453
4.437111854
4.440246856
4.443360746
4.446453807
4.449526317
4.452578545
4.455610759
4.458623219
4.461616181
4.464589895
4.467544607
4.47048056
4.473397989
4.476297126
4.479178201
4.482041436
4.484887051
4.487715261
4.490526279
4.493320311
4.496097562
4.498858233
4.50160252
4.504330616
4.507042711
4.509738993
4.512419643
4.515084844
4.51773477
4.520369598
4.522989497
4.525594636
4.52818518
4.530761293
4.533323133
4.535870858
4.538404623
4.54092458
4.543430878
4.545923666
4.548403087
4.550869285
4.553322399
4.555762568
4.558189928
4.560604612
4.563006752
4.565396478
4.567773918
4.570139196
4.572492438
4.574833764
4.577163295
4.579481149
4.581787443
