0.997246027
0.997371497
0.997361593
0.997400785
0.99749458
0.997634336
0.997823093
0.99805317
0.998310163
0.998582188
0.998825474
0.999030693
0.999206197
0.999359816
0.999492853
0.999611328
0.999718163
0.999813194
0.999896884
0.999967578
1.000022783
1.000058991
1.000075285
1.000075371
1.000063235
1.000044016
1.000024039
1.000010142
1.000009082
1.000023092
1.000051229
1.000093912
1.00014906
1.000211461
1.000276836
1.000341342
1.000404238
1.000464064
1.000518271
1.000566174
1.000609362
1.000647709
1.000681256
1.000708102
1.000726984
1.000736193
1.000733369
1.000717677
1.00069093
1.000654307
1.000611558
1.000569285
1.000536375
1.000518465
1.000523033
1.000549172
1.000596565
1.00066257
1.000729721
1.000792183
1.000846684
1.001074397
