1.000403141
0.99882439
1.00050655
0.996923933
0.993176471
0.992731707
0.989494881
0.991287395
0.990543046
0.99130719
0.992214863
0.9944288
0.993727417
0.992910518
0.993638629
0.994602167
0.99424424
0.995198473
0.995786039
0.995895928
0.997831832
0.998352239
1.000365527
1.002296296
1.005041667
1.010760837
1.01913985
1.026554381
1.037401216
1.050652374
1.062848998
1.077157076
1.091723705
1.101820189
1.114751582
1.122196203
1.131202532
1.13638558
1.137203264
1.137253147
1.13337664
1.126639464
1.116604469
1.105182099
1.091556721
1.075167832
1.057112187
1.040152924
1.022568694
1.006974034
0.993427877
0.984119687
0.978106471
0.976710959
0.978381579
0.982542999
0.988898214
0.995736794
1.002079424
1.007328443
1.010850602
0.999908074
