   21.407318
   21.344025
   21.280701
   21.191315
   21.040894
   20.890503
   20.740173
   20.589844
   20.470520
   20.382111
   20.293823
   20.205444
   20.117157
   20.028809
   19.950226
   19.881348
   19.812408
   19.743530
   19.674683
   19.605835
   19.536957
   19.473907
   19.424438
   19.374969
   19.325500
   19.276001
   19.226532
   19.177063
   19.117676
   19.048462
   18.970062
   18.881866
   18.783875
   18.676086
   18.558533
   18.432617
   18.297058
   18.151794
   18.003143
   17.881531
   17.752808
   17.616913
   17.475159
   17.334198
   17.193237
   17.053436
   16.922058
   16.790619
   16.659210
   16.525848
   16.388458
   16.251099
   16.113739
   15.977844
   15.852478
   15.727081
   15.601715
   15.476349
   15.345947
   15.212524
   15.079102
   15.012390
