0.997516472
0.997592288
0.9975745
0.997598004
0.997670463
0.997783476
0.997943354
0.998143345
0.998371317
0.998617754
0.998843412
0.999036962
0.999205245
0.999353989
0.999484472
0.999601616
0.999706708
0.999799378
0.999880315
0.999948551
1.000001514
1.000035992
1.000050655
1.000049902
1.000037228
1.000017452
0.999996333
0.999981452
0.999979426
0.999992874
1.000021035
1.000065998
1.000127528
1.000200461
1.000278468
1.000357119
1.00043404
1.000506196
1.000567797
1.000614422
1.000647424
1.000669254
1.000681138
1.00068481
1.000682917
1.000678496
1.000674618
1.000673807
1.00067824
1.000686581
1.000697685
1.000712194
1.000730177
1.000751726
1.000776421
1.000802486
1.000831128
1.00086328
1.000892743
1.000918631
1.000940204
1.00087555
