0.998565891
1.00083959
0.999209581
0.997569191
0.995743056
0.99413278
0.992844
0.991974609
0.991768199
0.99188425
0.994329567
0.993477612
0.99619666
0.997684502
0.997771062
1.002349727
1.007880435
1.012398198
1.016042857
1.022393993
1.027853147
1.034980936
1.04038765
1.046061121
1.051882353
1.057831947
1.064107084
1.06895106
1.075825243
1.0808896
1.089292722
1.092827103
1.098004601
1.100758621
1.104482507
1.106224894
1.106924658
1.105881266
1.101296663
1.095435838
1.088532468
1.078327309
1.066754386
1.055272496
1.043173333
1.030976642
1.020494198
1.011698718
1.006090522
1.001221187
0.999197317
0.997567974
0.998341097
0.999931103
1.002050627
1.005022844
1.008679603
1.012948477
1.016829257
1.020156966
1.02320236
0.999943864
