   20.58539    
   20.55573    
   20.49640    
   20.42667    
   20.31387    
   20.21445    
   20.12741    
   20.05127    
   20.01077    
   20.00128    
   19.98050    
   19.94501    
   19.90009    
   19.84692    
   19.79584    
   19.75003    
   19.70081    
   19.65021    
   19.59702    
   19.54224    
   19.48553    
   19.43253    
   19.38992    
   19.34622    
   19.30081    
   19.25323    
   19.20657    
   19.16022    
   19.10727    
   19.04636    
   18.98059    
   18.90823    
   18.82922    
   18.74246    
   18.64771    
   18.54401    
   18.42972    
   18.30502    
   18.17361    
   18.06662    
   17.94785    
   17.81845    
   17.67950    
   17.53827    
   17.39444    
   17.24988    
   17.11353    
   16.97766    
   16.84265    
   16.70914    
   16.57336    
   16.44186    
   16.31415    
   16.19095    
   16.08157    
   15.97568    
   15.87152    
   15.76773    
   15.65765    
   15.54153    
   15.42142    
   15.35724    
