  0.7184000    
  0.7796000    
  0.6861030    
  0.7810049    
  0.8039848    
  0.8262841    
  0.8470003    
  0.8660000    
  0.8832362    
  0.8985357    
  0.9116439    
  0.9222242    
  0.9296130    
  0.9357423    
  0.9404941    
  0.9439201    
  0.9461632    
  0.9475060    
  0.9485170    
  0.9496850    
  0.9506750    
  0.9518486    
  0.9534385    
  0.9559563    
  0.9595811    
  0.9510709    
  0.9452049    
  0.9459260    
  0.9481769    
  0.9512259    
  0.9546757    
  0.9585091    
  0.9624532    
  0.9721052    
  0.9885221    
   1.005516    
   1.022944    
   1.038902    
   1.044756    
   1.047853    
   1.047754    
   1.052280    
   1.063733    
   1.072629    
   1.078266    
   1.089633    
   1.100193    
   1.110816    
   1.120774    
   1.128934    
   1.140178    
   1.154405    
   1.170946    
   1.188958    
   1.208670    
   1.229060    
   1.249749    
   1.258470    
   1.266382    
   1.273240    
   1.279183    
   1.233701    
