  0.5061000    
  0.5452000    
  0.4740165    
  0.5292324    
  0.5343699    
  0.5385324    
  0.5435205    
  0.5503470    
  0.5559821    
  0.5602508    
  0.5629960    
  0.5640041    
  0.5662989    
  0.5678038    
  0.5684153    
  0.5682502    
  0.5673625    
  0.5659672    
  0.5631759    
  0.5586957    
  0.5542691    
  0.5498538    
  0.5458271    
  0.5421669    
  0.5391639    
  0.5294839    
  0.5185995    
  0.5074448    
  0.4969889    
  0.4843515    
  0.4693145    
  0.4517928    
  0.4313190    
  0.4065781    
  0.3769937    
  0.3435078    
  0.3058253    
  0.2573210    
  0.1604250    
  5.5258501E-02
 -5.7695489E-02
 -0.1832365    
 -0.3224417    
 -0.4664213    
 -0.6066974    
 -0.7292270    
 -0.8484053    
 -0.9652699    
  -1.060296    
  -1.117810    
  -1.177844    
  -1.240706    
  -1.293891    
  -1.326405    
  -1.360806    
  -1.396298    
  -1.432030    
  -1.455681    
  -1.478289    
  -1.499982    
  -1.520444    
  -1.472901    
