0.997217762
0.997290192
0.997269111
0.997296897
0.997381095
0.997512886
0.997700581
0.997934186
0.998199534
0.998484743
0.998742173
0.998960214
0.999146165
0.999306113
0.999442138
0.999560921
0.99966664
0.999760613
0.999844341
0.999917765
0.999979778
1.00002756
1.000058844
1.000075498
1.000081424
1.000080459
1.000076153
1.000073516
1.000077636
1.000090848
1.000112624
1.000143149
1.000182369
1.000228268
1.000279006
1.000332643
1.000388545
1.000445844
1.000501682
1.000553084
1.000599648
1.000641079
1.000676511
1.000705643
1.000727448
1.000740927
1.000746693
1.000744967
1.00073715
1.000723429
1.00070359
1.000681521
1.000661753
1.00064808
1.000643504
1.000648007
1.000663587
1.00069072
1.000720143
1.000749386
1.000775693
1.000786465
