1.000409091
0.999623563
1.000583756
0.99789441
0.994234615
0.992919476
0.990692308
0.991248201
0.992355752
0.992095986
0.993246552
0.992657581
0.992708263
0.992375626
0.991799669
0.990885057
0.991900489
0.989846278
0.98923955
0.988100639
0.987787302
0.988947867
0.988839874
0.989258216
0.992522013
0.997379147
1.001173016
1.010472
1.020214516
1.033594463
1.046540362
1.060388333
1.076467005
1.090209622
1.105339161
1.116586146
1.126027076
1.133844203
1.140448805
1.143628205
1.141403904
1.138717514
1.134069612
1.123986076
1.11222569
1.098235737
1.081337232
1.063194123
1.045777778
1.029105917
1.013963455
1.002532927
0.993809443
0.989237113
0.988222452
0.990707799
0.994887423
1.001166903
1.0076054
1.013558768
1.018512311
0.999890728
