   21.300964
   21.229218
   21.157471
   21.068268
   20.938202
   20.808167
   20.678223
   20.548248
   20.442444
   20.360840
   20.279175
   20.197601
   20.115997
   20.034424
   19.954956
   19.877625
   19.800293
   19.722992
   19.645630
   19.568329
   19.491089
   19.422241
   19.373260
   19.324249
   19.275208
   19.226196
   19.177155
   19.128143
   19.069305
   19.001221
   18.930939
   18.851898
   18.764038
   18.667419
   18.561951
   18.447113
   18.323395
   18.190887
   18.054474
   17.938385
   17.815430
   17.685699
   17.534180
   17.373718
   17.213226
   17.056274
   16.924103
   16.791901
   16.659729
   16.525848
   16.388458
   16.251099
   16.113739
   15.977234
   15.847076
   15.716949
   15.586792
   15.456635
   15.333557
   15.214813
   15.096039
   15.036621
