  0.4723000    
  0.5432000    
  0.4921987    
  0.5432908    
  0.5558171    
  0.5661426    
  0.5772861    
  0.5913075    
  0.6039650    
  0.6149705    
  0.6245670    
  0.6326259    
  0.6362393    
  0.6390992    
  0.6415311    
  0.6434259    
  0.6450368    
  0.6460987    
  0.6468244    
  0.6474313    
  0.6472502    
  0.6464163    
  0.6450553    
  0.6427580    
  0.6350743    
  0.6275944    
  0.6219890    
  0.6190605    
  0.6161162    
  0.6127438    
  0.6087515    
  0.6042266    
  0.5992922    
  0.5839087    
  0.5560159    
  0.5262035    
  0.4945491    
  0.4529101    
  0.3570669    
  0.2530365    
  0.1404556    
  1.8158259E-02
 -0.1137463    
 -0.2536886    
 -0.3936169    
 -0.4936027    
 -0.5921121    
 -0.6886182    
 -0.7764356    
 -0.8503774    
 -0.9243686    
 -0.9990499    
  -1.063969    
  -1.110217    
  -1.158365    
  -1.207898    
  -1.258522    
  -1.285114    
  -1.311500    
  -1.337423    
  -1.362637    
  -1.320399    
