   21.526978
   21.463623
   21.400330
   21.311066
   21.161377
   21.011749
   20.862152
   20.712555
   20.586182
   20.483002
   20.379822
   20.276642
   20.173553
   20.070435
   19.976990
   19.893219
   19.809479
   19.725708
   19.641998
   19.558289
   19.474640
   19.401184
   19.351715
   19.302277
   19.252808
   19.203339
   19.153870
   19.104401
   19.045044
   18.977081
   18.917908
   18.851379
   18.777435
   18.696106
   18.606110
   18.477875
   18.339813
   18.191864
   18.038910
   17.904419
   17.761993
   17.611694
   17.466187
   17.328339
   17.190491
   17.050751
   16.897827
   16.744934
   16.592010
   16.441010
   16.293854
   16.146729
   15.999603
   15.856628
   15.742859
   15.629120
   15.515320
   15.401550
   15.295105
   15.193024
   15.090942
   15.039886
