  1.3500000E-02
  8.7000001E-03
  2.7786139E-03
 -3.8039160E-03
 -1.1273638E-02
 -1.9114349E-02
 -2.4148025E-02
 -2.4483666E-02
 -2.4800688E-02
 -2.5092274E-02
 -2.5252743E-02
 -2.5375385E-02
 -3.3934820E-02
 -4.2674873E-02
 -5.1393691E-02
 -6.0187407E-02
 -6.9063313E-02
 -7.7922240E-02
 -8.3912976E-02
 -8.5584626E-02
 -8.7265030E-02
 -8.8961884E-02
 -9.0597108E-02
 -9.2396393E-02
 -9.4217703E-02
 -9.4953597E-02
 -9.8163463E-02
 -0.1055979    
 -0.1133721    
 -0.1228133    
 -0.1340882    
 -0.1471565    
 -0.1619939    
 -0.1821059    
 -0.2082498    
 -0.2369843    
 -0.2681159    
 -0.3011441    
 -0.3325222    
 -0.3654688    
 -0.3997948    
 -0.4365674    
 -0.4757931    
 -0.5156437    
 -0.5538692    
 -0.5989634    
 -0.6420183    
 -0.6833030    
 -0.7157342    
 -0.7338514    
 -0.7519563    
 -0.7705643    
 -0.7944979    
 -0.8275136    
 -0.8614023    
 -0.8962606    
 -0.9320951    
  -1.012264    
  -1.093051    
  -1.174330    
  -1.255925    
  -1.279428    
