0.997210686
0.99732329
0.997335196
0.997403236
0.997528385
0.99769912
0.997915584
0.998165963
0.998432581
0.998702976
0.99893165
0.999113726
0.99926035
0.99937896
0.999474026
0.999553054
0.999620449
0.999679775
0.999733681
0.999782194
0.999824164
0.999858269
0.999883527
0.999901622
0.99991388
0.999922151
0.999930135
0.999942588
0.999963284
0.999994374
1.000036256
1.000089833
1.000154912
1.000227745
1.000304087
1.000380701
1.000455376
1.000525307
1.000585998
1.000634363
1.000669794
1.000692826
1.00070367
1.000703202
1.0006938
1.000678415
1.000660267
1.00064379
1.000633697
1.000632213
1.000640206
1.000659514
1.000691922
1.000736518
1.000794365
1.00086084
1.0009334
1.001010758
1.001080271
1.001139307
1.001188003
1.001198073
