0.999300341
1.00056572
0.999939819
0.996070796
0.992156825
0.98964914
0.989376894
0.989375235
0.98999162
0.991055453
0.993138787
0.993478062
0.993483636
0.993931222
0.99296036
0.991947038
0.987905273
0.985060552
0.980275954
0.975076106
0.971169462
0.96674934
0.963431579
0.961513561
0.960517452
0.961761484
0.964267442
0.969159747
0.974095541
0.982043238
0.99074581
1.000688385
1.011267498
1.022839806
1.034512219
1.046770443
1.058127849
1.068002994
1.077814475
1.082765738
1.085931677
1.086860631
1.082206426
1.073748393
1.063417885
1.052320225
1.039679641
1.027781425
1.018290429
1.010907066
1.006679361
1.006096142
1.007003462
1.009513039
1.014774247
1.019230137
1.023761853
1.028904813
1.032337931
1.035418421
1.038221526
1.000305049










