   20.54596    
   20.51892    
   20.46484    
   20.39551    
   20.27213    
   20.16263    
   20.06912    
   19.98862    
   19.94077    
   19.92096    
   19.89252    
   19.85226    
   19.80255    
   19.74509    
   19.69052    
   19.64096    
   19.58774    
   19.53021    
   19.47083    
   19.40857    
   19.34305    
   19.28354    
   19.24319    
   19.19952    
   19.15173    
   19.10281    
   19.05188    
   19.00223    
   18.94431    
   18.87967    
   18.82614    
   18.76675    
   18.70221    
   18.63232    
   18.55591    
   18.46060    
   18.35953    
   18.25043    
   18.13358    
   18.01544    
   17.88748    
   17.75082    
   17.60910    
   17.46817    
   17.32507    
   17.18100    
   17.04327    
   16.90350    
   16.76343    
   16.62503    
   16.48953    
   16.35403    
   16.21869    
   16.08878    
   15.99619    
   15.90265    
   15.81061    
   15.71902    
   15.61722    
   15.50919    
   15.40060    
   15.29089    
