  0.4051000    
  0.4339000    
  0.4381132    
  0.5248085    
  0.5419430    
  0.5570195    
  0.5705553    
  0.5831021    
  0.5942146    
  0.6038519    
  0.6120576    
  0.6186698    
  0.6245525    
  0.6297078    
  0.6344762    
  0.6389524    
  0.6433963    
  0.6478343    
  0.6521729    
  0.6562244    
  0.6597192    
  0.6625328    
  0.6649778    
  0.6671228    
  0.6693609    
  0.6636525    
  0.6587154    
  0.6599349    
  0.6627443    
  0.6666052    
  0.6712744    
  0.6765893    
  0.6820324    
  0.6771396    
  0.6589927    
  0.6372595    
  0.6115431    
  0.5901560    
  0.6202137    
  0.6508129    
  0.6817577    
  0.7053735    
  0.7184461    
  0.7298810    
  0.7390153    
  0.8146370    
  0.8863807    
  0.9548164    
   1.026099    
   1.105712    
   1.183942    
   1.262303    
   1.342708    
   1.425774    
   1.511597    
   1.600721    
   1.693194    
   1.691953    
   1.691697    
   1.691543    
   1.691158    
   1.663115    
