  3.7300002E-02
  3.7700001E-02
  3.5909444E-02
  4.0735096E-02
  3.9698590E-02
  3.8299292E-02
  3.7863165E-02
  3.9087385E-02
  4.0096771E-02
  4.1069001E-02
  4.1986559E-02
  4.2837061E-02
  4.0787507E-02
  3.8720857E-02
  3.6648083E-02
  3.4377772E-02
  3.2219231E-02
  2.9973095E-02
  2.6732458E-02
  2.1893961E-02
  1.7042913E-02
  1.2181096E-02
  7.2226422E-03
  2.1743260E-03
 -2.8643154E-03
 -7.8100027E-03
 -1.3384494E-02
 -2.0127866E-02
 -2.7108163E-02
 -3.5580661E-02
 -4.5626562E-02
 -5.7447243E-02
 -7.1099907E-02
 -8.7700203E-02
 -0.1078647    
 -0.1301067    
 -0.1545231    
 -0.1821386    
 -0.2189189    
 -0.2581163    
 -0.2994477    
 -0.3405054    
 -0.3800451    
 -0.4201383    
 -0.4584819    
 -0.4965481    
 -0.5325091    
 -0.5666146    
 -0.6003342    
 -0.6351361    
 -0.6693469    
 -0.7039868    
 -0.7538274    
 -0.8310128    
 -0.9095082    
 -0.9898863    
  -1.072279    
  -1.155662    
  -1.240120    
  -1.325259    
  -1.410771    
  -1.429813    
