   21.277130
   21.200073
   21.122955
   21.025116
   20.878632
   20.732178
   20.585785
   20.439362
   20.315460
   20.214050
   20.112610
   20.011169
   19.909760
   19.808411
   19.716370
   19.633759
   19.551178
   19.468536
   19.385956
   19.303375
   19.220764
   19.151093
   19.111542
   19.071930
   19.032349
   18.992737
   18.953186
   18.913574
   18.866089
   18.810089
   18.737152
   18.655090
   18.563934
   18.463684
   18.354980
   18.255646
   18.148651
   18.033997
   17.914246
   17.801331
   17.681824
   17.555634
   17.405975
   17.246155
   17.086334
   16.930359
   16.800812
   16.671265
   16.541779
   16.425446
   16.336548
   16.247589
   16.158661
   16.066559
   15.952209
   15.837891
   15.723572
   15.609192
   15.480957
   15.344421
   15.207855
   15.139587
