  0.1306000    
  0.1310000    
  0.1273499    
  0.1566147    
  0.1645495    
  0.1703975    
  0.1760794    
  0.1821384    
  0.1877234    
  0.1929581    
  0.1977741    
  0.2021123    
  0.1990220    
  0.1954876    
  0.1916805    
  0.1875693    
  0.1833624    
  0.1790549    
  0.1760491    
  0.1752323    
  0.1743193    
  0.1733167    
  0.1723764    
  0.1711875    
  0.1689072    
  0.1670582    
  0.1627315    
  0.1548268    
  0.1470040    
  0.1371587    
  0.1253446    
  0.1112186    
  9.4619028E-02
  7.4204840E-02
  4.9453340E-02
  2.1795221E-02
 -8.7095704E-03
 -4.4305637E-02
 -9.8439164E-02
 -0.1559782    
 -0.2163854    
 -0.2677230    
 -0.3053925    
 -0.3435687    
 -0.3801484    
 -0.4276466    
 -0.4730448    
 -0.5166296    
 -0.5892079    
 -0.7157896    
 -0.8400955    
 -0.9640927    
  -1.069187    
  -1.138753    
  -1.212013    
  -1.288930    
  -1.369089    
  -1.399950    
  -1.430350    
  -1.459172    
  -1.486097    
  -1.480435    
