0.997283788
0.997361215
0.997346709
0.997380011
0.997468327
0.99760168
0.997786364
0.998013207
0.99826869
0.998540834
0.998785493
0.998990749
0.999165465
0.999315833
0.999443933
0.999555702
0.999655726
0.999744551
0.999823936
0.99989408
0.999953754
1.000000527
1.000032923
1.000052308
1.000062383
1.000066428
1.000068048
1.000071571
1.000081754
1.000099226
1.000124017
1.000156361
1.000195208
1.000238698
1.000286008
1.000335314
1.000387064
1.000440373
1.000493201
1.000544175
1.000592058
1.000635109
1.000672045
1.000702046
1.000723857
1.000737213
1.000741938
1.000739298
1.000730543
1.000716667
1.00069889
1.00068186
1.000669857
1.000665387
1.000671482
1.000687406
1.00071433
1.000751215
1.000788267
1.00082221
1.000851507
1.000820181
