1.000835214
0.99907384
1.000950192
0.996761499
0.994966777
0.992156352
0.992176282
0.990900474
0.991474259
0.992631173
0.993143731
0.993419697
0.993406015
0.993049254
0.992099407
0.989477172
0.98782284
0.984627365
0.982988406
0.981520924
0.980374462
0.981445714
0.982223329
0.984410765
0.989858757
0.997569187
1.005823699
1.017432117
1.031231563
1.045329851
1.060886536
1.077705069
1.093355694
1.108569182
1.12072884
1.129878315
1.135662016
1.139170992
1.14074569
1.137323015
1.131237736
1.123622797
1.114643956
1.102239466
1.090300483
1.076471377
1.062184167
1.047151988
1.032757009
1.019116129
1.00675644
0.995828602
0.988960441
0.985583614
0.985374188
0.987363026
0.992049265
0.998351351
1.004325132
1.009915487
1.013666963
1.000087539
