   21.365448
   21.292450
   21.219421
   21.124115
   20.976776
   20.829498
   20.682190
   20.534943
   20.412628
   20.315186
   20.217743
   20.120361
   20.022949
   19.925568
   19.839539
   19.765045
   19.690521
   19.616028
   19.541504
   19.467010
   19.392487
   19.325500
   19.276062
   19.226624
   19.177155
   19.127716
   19.078247
   19.028778
   18.969452
   18.900970
   18.833740
   18.758087
   18.674042
   18.581604
   18.480774
   18.372162
   18.255188
   18.129852
   17.997437
   17.864014
   17.722748
   17.573639
   17.422302
   17.274323
   17.126343
   16.982788
   16.870636
   16.758453
   16.646240
   16.532013
   16.413544
   16.295105
   16.176636
   16.058655
   15.943909
   15.829102
   15.714325
   15.599548
   15.467773
   15.325745
   15.183685
   15.112671
