  0.7274000    
  0.7561000    
  0.6748752    
  0.7845686    
  0.8066664    
  0.8287082    
  0.8504047    
  0.8718445    
  0.8918964    
  0.9102699    
  0.9262494    
  0.9396579    
  0.9499190    
  0.9583789    
  0.9647711    
  0.9691259    
  0.9718965    
  0.9733734    
  0.9739771    
  0.9745094    
  0.9747059    
  0.9750962    
  0.9761412    
  0.9783841    
  0.9826757    
  0.9750435    
  0.9707494    
  0.9720657    
  0.9764663    
  0.9823375    
  0.9894497    
  0.9970351    
   1.004224    
   1.016103    
   1.033447    
   1.048769    
   1.061291    
   1.070927    
   1.083655    
   1.092056    
   1.096492    
   1.098909    
   1.100505    
   1.099853    
   1.097293    
   1.095483    
   1.094241    
   1.095092    
   1.102468    
   1.119852    
   1.141725    
   1.167609    
   1.189863    
   1.201601    
   1.214835    
   1.228132    
   1.240547    
   1.242184    
   1.242170    
   1.240663    
   1.237846    
   1.187585    
