0.997175002
0.997252498
0.997238184
0.997273662
0.997366136
0.997505928
0.997700274
0.99793908
0.99820775
0.998493964
0.998750948
0.998967846
0.999152632
0.999311105
0.99944547
0.999562886
0.999667861
0.999761612
0.999845643
0.999919916
0.99998307
1.00003262
1.000065652
1.000083893
1.000091465
1.000091758
1.000088577
1.00008636
1.000090065
1.000101606
1.00012037
1.000146481
1.00017892
1.000217072
1.000260289
1.00030736
1.000358704
1.000413441
1.000469093
1.000523832
1.000575797
1.000621987
1.000661121
1.000692694
1.000716833
1.000734184
1.000745832
1.000753888
1.000760902
1.000766806
1.000772355
1.000777913
1.000784006
1.000791585
1.000800183
1.000808981
1.000819495
1.000831604
1.000842973
1.000853588
1.000862304
1.000672666
