0.999230958
1.001517241
1.001311475
0.998236462
0.995585237
0.991859107
0.992454392
0.992407654
0.992845649
0.993496753
0.9924061
0.993880573
0.991649842
0.990837246
0.991502333
0.990638889
0.990131902
0.990007622
0.991505311
0.989728507
0.991189189
0.990491779
0.989456845
0.988334815
0.98770354
0.988678092
0.991664157
0.99538009
1.003325265
1.013585736
1.026166159
1.037747706
1.052625192
1.068680751
1.083251216
1.097134907
1.11059331
1.120284936
1.131351119
1.139315447
1.141256135
1.144113869
1.141884831
1.134367925
1.125382924
1.112808635
1.097406582
1.081853801
1.066222422
1.05052883
1.035758568
1.023654391
1.01459025
1.008478314
1.004279454
1.002724028
1.003267267
1.005792833
1.008945647
1.011953368
1.01549562
1.000135887
