0.997536198
0.997657747
0.99765679
0.997700511
0.997789757
0.997913032
0.998072352
0.998262256
0.998469563
0.998684908
0.998869873
0.999021469
0.999150747
0.999263551
0.999361812
0.999451745
0.999536491
0.999616513
0.999693035
0.999765296
0.999830635
0.999885355
0.999927342
0.999957863
0.999979003
0.999993053
1.000003243
1.000014691
1.000032168
1.000057477
1.000091006
1.000133009
1.000182975
1.000237889
1.000294743
1.000350988
1.000406758
1.000460508
1.000509794
1.000552675
1.000588724
1.000617953
1.00064019
1.00065492
1.000662815
1.00066439
1.0006621
1.000658549
1.000657938
1.000662343
1.000673197
1.00069326
1.000725047
1.000768586
1.000825092
1.00089042
1.000961723
1.001037217
1.001104775
1.001161785
1.001208256
1.001148706
