0.998733227
0.999196133
0.999601573
0.996347661
0.992908867
0.990725301
0.988288757
0.988652681
0.990418872
0.990493743
0.991498313
0.993016722
0.992979006
0.995061404
0.995829162
0.997997838
0.999760473
1.002605769
1.003314225
1.003682154
1.004764458
1.00333159
1.001760417
1.000884735
0.999620042
0.997971668
0.997211356
0.996576681
0.99572956
0.994971757
0.994339248
0.993528125
0.993637591
0.992693582
0.993883385
0.997431211
1.00090224
1.008184584
1.015965589
1.025680128
1.036091006
1.043747614
1.050329205
1.054486673
1.055541978
1.053459175
1.050115607
1.044929293
1.037464654
1.031568198
1.026662144
1.02301759
1.021152489
1.021112893
1.02303142
1.025387574
1.028572422
1.032378875
1.035383741
1.038153239
1.040590402
0.999710556










