   20.55881    
   20.53198    
   20.47830    
   20.41116    
   20.29871    
   20.19778    
   20.11200    
   20.03705    
   19.99213    
   19.97079    
   19.94284    
   19.90405    
   19.85706    
   19.80353    
   19.75192    
   19.70474    
   19.65494    
   19.60049    
   19.54279    
   19.48178    
   19.41693    
   19.35867    
   19.31961    
   19.27762    
   19.23181    
   19.18546    
   19.13797    
   19.09320    
   19.04282    
   18.98654    
   18.91809    
   18.84473    
   18.76404    
   18.67639    
   18.58029    
   18.49051    
   18.39050    
   18.28067    
   18.16278    
   18.05035    
   17.92810    
   17.79654    
   17.65808    
   17.52121    
   17.38385    
   17.24493    
   17.08481    
   16.92661    
   16.76941    
   16.62061    
   16.48828    
   16.35519    
   16.22089    
   16.09155    
   16.00461    
   15.91714    
   15.83115    
   15.74567    
   15.62540    
   15.48438    
   15.34338    
   15.25351    
