  0.4215000    
  0.4576000    
  0.4540089    
  0.5325501    
  0.5489952    
  0.5635540    
  0.5766389    
  0.5888877    
  0.5996840    
  0.6091488    
  0.6172482    
  0.6238539    
  0.6304613    
  0.6362473    
  0.6415560    
  0.6463056    
  0.6507059    
  0.6548584    
  0.6588194    
  0.6630211    
  0.6674445    
  0.6722170    
  0.6775326    
  0.6835273    
  0.6905041    
  0.6890061    
  0.6877512    
  0.6909028    
  0.6947809    
  0.6981681    
  0.7007401    
  0.7020755    
  0.7018810    
  0.7064989    
  0.7174346    
  0.7274767    
  0.7365546    
  0.7481657    
  0.7823418    
  0.8169140    
  0.8520497    
  0.8894423    
  0.9294577    
  0.9697996    
   1.007823    
   1.077507    
   1.144918    
   1.210509    
   1.282883    
   1.369197    
   1.455938    
   1.544119    
   1.628496    
   1.704441    
   1.783708    
   1.866478    
   1.952398    
   1.938462    
   1.924505    
   1.909709    
   1.893513    
   1.849270    
