  4.8099998E-02
  4.8700001E-02
  4.6351220E-02
  5.4764111E-02
  5.6749851E-02
  5.8609623E-02
  6.0124855E-02
  6.1190702E-02
  6.2117103E-02
  6.2886842E-02
  6.3476577E-02
  6.3972384E-02
  5.4355215E-02
  4.4508696E-02
  3.4451917E-02
  2.4288293E-02
  1.3924653E-02
  3.4580631E-03
 -4.0539694E-03
 -7.1281944E-03
 -1.0218012E-02
 -1.3328953E-02
 -1.6571447E-02
 -1.9761503E-02
 -2.3117756E-02
 -2.6253667E-02
 -3.1023284E-02
 -3.8625766E-02
 -4.6437804E-02
 -5.5947043E-02
 -6.7198686E-02
 -8.0224738E-02
 -9.5009640E-02
 -0.1146155    
 -0.1394949    
 -0.1667862    
 -0.1961354    
 -0.2284614    
 -0.2695740    
 -0.3127478    
 -0.3576880    
 -0.4052350    
 -0.4556057    
 -0.5070103    
 -0.5567158    
 -0.6052892    
 -0.6522939    
 -0.6981061    
 -0.7373719    
 -0.7656701    
 -0.7946898    
 -0.8246806    
 -0.8648828    
 -0.9228198    
 -0.9825687    
  -1.044273    
  -1.107817    
  -1.170620    
  -1.234079    
  -1.297584    
  -1.360695    
  -1.365778    
