0.997402598
0.997486245
0.997477357
0.997513905
0.99760051
0.997726536
0.99789723
0.998106449
0.998341266
0.99859113
0.998815075
0.999005039
0.999170456
0.999315779
0.999442557
0.999555315
0.99965659
0.999746433
0.999826237
0.999895001
0.999949932
0.999987655
1.000007635
1.000013507
1.000008342
0.999995656
0.999981403
0.999972785
0.999976165
0.999994079
1.000025999
1.000073919
1.00013712
1.000210084
1.000287048
1.000363734
1.000438145
1.000506766
1.000564426
1.000607857
1.000638707
1.000658639
1.000668921
1.000670277
1.000664279
1.000652597
1.000636911
1.00061908
1.000601338
1.000585008
1.000570655
1.00056238
1.000565409
1.000582806
1.000621017
1.000676691
1.000748606
1.000835476
1.000918708
1.00099396
1.001058889
1.001332527
