0.999497053
0.998709516
0.999218891
0.996964029
0.994105997
0.992232653
0.991518667
0.991609436
0.991889032
0.994307006
0.994027673
0.995366127
0.995890259
0.997429095
0.999675152
1.0011875
1.00498568
1.010921708
1.014460542
1.018639344
1.021194412
1.023399768
1.022278613
1.023362688
1.022795824
1.023180023
1.024156613
1.029164162
1.033660529
1.040335624
1.046788396
1.055471783
1.064628635
1.073103679
1.081802912
1.089503928
1.096552306
1.101977553
1.10270524
1.102209474
1.097272636
1.088078008
1.075398631
1.061243997
1.044942335
1.028568564
1.013868862
1.001861761
0.992539958
0.986925758
0.98371137
0.983372659
0.984846679
0.988268402
0.992553785
0.997967686
1.004
1.010522401
1.015837648
1.020730412
1.024585268
0.999916629
