0.997329188
0.997470469
0.997458149
0.997497352
0.997593479
0.99773661
0.99792895
0.998161155
0.998417112
0.99868571
0.998919134
0.999109202
0.999263574
0.999392604
0.999498974
0.999589403
0.999667052
0.9997341
0.999792835
0.999844716
0.999889001
0.999924583
0.99995092
0.999970502
0.999985601
0.999997443
1.000009102
1.000024088
1.000045861
1.000075139
1.000111572
1.000155778
1.000207519
1.000264208
1.000323783
1.000384844
1.000447547
1.000510325
1.000570034
1.000624937
1.000674234
1.000715553
1.000745701
1.000761548
1.000762769
1.000748767
1.000719894
1.000678494
1.000629694
1.00057998
1.000535178
1.000501917
1.000487534
1.000496001
1.000533984
1.000597212
1.000681646
1.000782512
1.000878794
1.000964696
1.001038109
1.001312149
