1.000477612
0.999449468
0.999586634
0.994614173
0.990011074
0.987559081
0.985161255
0.985752146
0.986275532
0.988459831
0.991070378
0.993866249
0.995443867
0.994781799
0.994821833
0.992643077
0.989031665
0.983462869
0.977377282
0.970323559
0.96425504
0.958217085
0.953717435
0.949663337
0.948641642
0.95207085
0.956804504
0.966090249
0.97908938
0.994529349
1.013621064
1.035081858
1.057517475
1.079570447
1.099553882
1.117196262
1.129922717
1.137341067
1.138975583
1.135603358
1.125403337
1.110224565
1.090869304
1.070756627
1.049916667
1.02994486
1.011296342
0.995937606
0.985003195
0.979407696
0.978750381
0.981303181
0.986948352
0.995287065
1.004824358
1.013668193
1.021675077
1.029297521
1.034268255
1.038830649
1.041476563
1.000074074










